2.1344106508748855
2.1067845096971434
1.9767775768381106
1.988158965010663
1.885634091112824
2.6391937681208417
1.822962647511072
1.787641941249621
1.757731474119911
1.9067176911526265
1.7112571849918505
2.930788555614378
1.6734104715606353
1.7442980051469716
1.6314896612258887
1.9565072848400673
1.5948425391360561
2.126880529474626
1.5626615106052182
2.1436104518464747
1.5223215265013395
2.3604271323221777
1.484478461625505
2.8086947563814415
1.4413795481637453
1.5292725991401832
1.414118432511175
2.2000652836980974
1.3731868456829173
1.5934703458049158
1.3556544055974535
2.418149895344799
1.3077250962065377
2.870340681533722
1.2876221765040257
1.6430602680800128
1.2415187284739013
1.7220335567362235
1.2146232205493799
1.4556708127421107
1.1877909454303521
1.8119343286799183
1.1574809053808222
1.58449385076064
1.1222483156345693
1.6625835493644985
1.098497230624098
1.585283426982454
1.0511590776377822
1.963154187299709
1.031452502807396
1.482138481909598
0.9979191871020681
1.8872932532481541
0.9635117161928077
1.322045174485992
0.9298225532064551
1.930853596402988
0.8969490788760425
1.4105299768436435
0.8584482906109949
1.3806666746315444
0.8150216715584064
1.8084800931316116
0.7790422570896924
1.4827727469843022
0.7425986683346298
1.479967841468461
0.6960770378972353
1.3959542550079538
0.6556421666062752
2.0627979859665047
0.6107453315013788
1.7834574320964207
0.5848933961479494
1.963457943510709
0.5394859866113024
1.7153401781000917
0.5098812353777632
1.6929402856964084
0.4698296574941389
2.310813904666729
0.4239475224178767
2.0755728601908783
0.39730600775494446
1.6073295287765568
0.3545541431519325
2.805575011515946
0.3313699647886828
2.855847934011792
0.29978253006711275
4.27662193153029
0.277595900983122
2.495444583549568
0.24642926509883242
3.481557245732212
0.24019768456688462
1.9143272449531166
0.2157077548114885
2.8544453885216305
0.19672061900878138
2.1280507250199006
0.17608205715127115
2.4119458852160385
0.164733705293304
2.035326605295091
0.15185942444868733
2.5697791246003425
0.14084017495011678
4.206309520776356
0.1278606292731623
3.1103959764344435
0.12218008533465248
2.618139330612805
0.11234970175424673
1.5981307327568566
0.10291651481847636
3.1603204865046584
0.09753056016808732
4.2129410769528945
0.08456753171015054
6.176925962673524
0.09197272224308627
8.963325436414182
0.08679395434989726
4.618681907939854
0.07347512335415278
5.578267211462111
0.08406160866203174
2.4154353583724326
0.06167781950457843
2.0907936636816618
0.05997675142120574
1.7440656998519348
0.05716148567254425
3.3648110018136905
0.061116328905982634
1.9804756349621953
0.05177578179217407
4.134660484837999
0.0569793451402547
3.0675448262913183
0.05241288426636269
1.73826759018509
0.04705169073687064
1.8890347544776513
0.04311506646816849
1.872653676280735
0.040366550260055374
5.678633758245146
0.043646061236469004
3.1053070764593116
0.039318442990548326
1.8870006332729272
0.029413680555118216
2.30358642851012
0.0350496650906814
2.9654278268911343
0.03881182031787197
3.560318706703529
0.04120270068017502
3.618351332499156
0.04269926674196125
2.6956211996421744
0.03849078687080822
3.1789780502628266
0.035421477674842564
1.854217682044951
0.029896153418058496
3.0454980487514556
0.02902951310922122
2.60737722164582
0.027072322084853103
2.8847742315245446
0.026532147665547536
10.281138972171997
0.04979349193900618
2.2350600881353424
0.027555645666177093
3.2456547451648587
0.026316095632632104
3.4333194883983866
0.023670895730281097
2.1083400023505585
0.024966327536768782
8.498316102351124
0.02533984065678413
8.545226681997622
0.031757413098367465
3.517671721097446
0.027925452234558862
3.8230525398940904
0.02829037354192305
2.5968210536273713
0.020373887957602074
32.56631534944842
0.057748071873051844
5.980257012705354
0.03049407529522448
5.659288247044957
