0.42200000000000004
0.611877624475105
0.6354666666666667
0.6970605878824234
0.6763333333333333
0.7159568086382723
0.7009333333333334
0.7336532693461307
0.7114
0.7375524895020995
0.7208666666666667
0.7447510497900419
0.7296
0.7498500299940012
0.7274666666666667
0.7564487102579484
0.737
0.7516496700659867
0.7420666666666667
0.7618476304739051
0.742
0.7600479904019195
0.7510666666666667
0.7702459508098379
0.7507333333333334
0.7648470305938811
0.7523333333333334
0.7669466106778644
0.7539333333333333
0.7675464907018595
0.7534666666666667
0.7717456508698259
0.7596
0.7702459508098379
0.7611333333333333
0.7729454109178163
0.7614000000000001
0.7660467906418715
0.7648666666666667
0.7723455308938212
0.7672
0.7705458908218356
0.7652
0.7771445710857828
0.766
0.7759448110377923
0.7658666666666667
0.7774445110977803
0.7692
0.7717456508698259
0.7656666666666667
0.7756448710257948
0.769
0.774745050989802
0.7676000000000001
0.7783443311337732
0.7676000000000001
0.777744451109778
0.7732
0.7783443311337732
0.7727333333333334
0.7801439712057587
0.7731333333333333
0.7810437912417516
0.7746666666666667
0.7828434313137372
0.7714000000000001
0.7759448110377923
0.7738
0.7783443311337732
0.7762
0.7834433113377324
0.779
0.7804439112177564
0.7790666666666667
0.7768446310737852
0.7753333333333333
0.7834433113377324
0.7795333333333334
0.7774445110977803
0.7817333333333334
0.780743851229754
0.7792666666666667
0.7795440911817636
0.7757333333333334
0.788242351529694
0.7758
0.7855428914217156
0.7798666666666667
0.7843431313737252
0.7794666666666668
0.777744451109778
0.7810666666666667
0.7813437312537492
0.7832666666666667
0.7780443911217756
0.7862666666666667
0.7840431913617276
0.7818
0.7789442111577684
0.7826000000000001
0.7801439712057587
0.7882666666666667
0.7864427114577084
0.7813333333333333
0.780743851229754
0.7846666666666667
0.7858428314337131
0.7881333333333334
0.7879424115176964
0.7808666666666667
0.7813437312537492
0.7828666666666667
0.7870425914817036
0.7846666666666667
0.7771445710857828
0.7882
0.7873425314937011
0.7833333333333333
0.7834433113377324
0.7896666666666667
0.7813437312537492
0.7818666666666667
0.779244151169766
0.7856666666666667
0.7891421715656868
0.7829333333333334
0.78374325134973
0.7888666666666667
0.7843431313737252
0.7867333333333334
0.789742051589682
0.7891333333333334
0.7765446910617876
0.7844
0.7831433713257347
0.7854666666666668
0.786742651469706
0.7882666666666667
0.7813437312537492
0.7884666666666666
0.7798440311937612
0.7852
0.7843431313737252
0.7873333333333333
0.7840431913617276
0.7891333333333334
0.7816436712657467
0.7851333333333333
0.7849430113977204
0.7871333333333334
0.7834433113377324
0.7888000000000001
0.7870425914817036
0.7910666666666667
0.7894421115776844
0.791
0.7843431313737252
0.791
0.7888422315536892
0.7878000000000001
0.7864427114577084
0.7891333333333334
0.7834433113377324
0.7876000000000001
0.7843431313737252
0.7911333333333334
0.7888422315536892
0.7878666666666667
0.7903419316136772
0.7906666666666667
0.7834433113377324
0.7925333333333334
0.7879424115176964
0.7932
0.7879424115176964
0.7938000000000001
0.7876424715056988
0.7924666666666667
0.7834433113377324
0.7932
0.786742651469706
0.7882
0.7864427114577084
0.7922
0.7846430713857228
0.7894666666666666
0.7870425914817036
0.7902
0.7864427114577084
0.7897333333333334
0.7819436112777444
0.7906666666666667
0.7840431913617276
0.7914
0.7885422915416916
0.7892
0.7891421715656868
0.7899333333333334
0.7885422915416916
