1.8333561266581218
1.3697829793582224
1.3006602325439454
1.0886342561952926
1.109019603474935
0.965328452468419
1.0165895110448202
0.8842227982773921
0.9487965957005818
0.8370197773980894
0.9171469816525777
0.8157655676825717
0.8842033210436503
0.7934979232543231
0.8568805673281352
0.770096808117739
0.8366033654848735
0.758619478150049
0.8191076224009196
0.7374634995886717
0.8083372808138529
0.739859743681795
0.792620453453064
0.7153032926577755
0.7817332298278808
0.7134470445850901
0.7760908684889476
0.711256822963353
0.7659736382484436
0.7010670363116421
0.7597837895552317
0.6989962351343627
0.7493752514521281
0.7004773273536669
0.7468653016249339
0.6834171455851843
0.7358796192169189
0.6925318464234552
0.7319506913344065
0.6801880404630248
0.7211042721907298
0.6867970859997274
0.7185161395549774
0.670947278250315
0.7231345351378123
0.6707664629300341
0.7194715294043224
0.6668244370744839
0.71079300365448
0.6823796132544807
0.7105527759869893
0.6790755757794955
0.7056532037417094
0.66630389365738
0.7069728097120921
0.6659354574321342
0.7020524522145589
0.6644165086116917
0.6971247232913971
0.6597303616192502
0.690712262360255
0.6533655277718737
0.6900842482089996
0.6572526967232286
0.6827260562102
0.6546701702016088
0.6868808129469554
0.6577619359603383
0.6827432019710541
0.6555523715050691
0.6784948610385259
0.6469965268196857
0.6769657239198684
0.6485908590413598
0.6807606678644816
0.6602052900701064
0.6807191609382629
0.6522809027034362
0.6768560198783875
0.6496687049485282
0.6689886472860972
0.6441561813724921
0.6683951199054718
0.6524233511270845
0.6723550145149231
0.6472478914775746
0.6721990615208944
0.6438483996847538
0.6664524260123571
0.6480039749305693
0.6671209281921386
0.6552609550645413
0.6672435989220937
0.6460086935354552
0.6563952966054281
0.6582402035942604
0.6545922544320424
0.6531738192289979
0.656427385854721
0.6566601807154362
0.6590013981342315
0.6514304533520358
0.6544239085038503
0.6335475902644617
0.6616960880676905
0.6423032230507062
0.6557816422939301
0.6385853617006816
0.6502618124167124
0.6431777363293315
0.6585342931747437
0.6489290833365938
0.6621414387861888
0.6370352708656916
0.6486824715455373
0.65508441705688
0.6439392665227254
0.6377993647431498
0.6510098162968954
0.6378880396851824
0.6429557236433029
0.6468069210478697
0.6527270950873693
0.6482190081037371
0.6451613470554352
0.6333858437107649
0.650753700319926
0.6369411273852178
0.6414985412120819
0.6407646539687538
0.6424882163683573
0.6349179855205374
0.6364047195593516
0.652933016785906
0.6428556411425272
0.6447086373023381
0.636788504910469
0.641434836258914
0.6454358251889547
0.645259027968786
0.638226591126124
0.6548079380069439
0.6389019363721212
0.6403021955997842
0.6360982283910116
0.6428416888282624
0.6352962470213572
0.6414574038842944
0.6412253204743067
0.6446506112331248
0.6355293689012528
0.6414058739794323
0.6354637657165527
0.637566461345716
0.628860962319374
0.6399557840952848
0.6305449725071589
0.6440767353958152
0.6318817352930705
0.6329801776717363
0.6383341243028641
0.6391233303050617
0.6362053448994954
0.6450894011143231
0.6379689785003662
0.6387825939976389
0.6235269086996714
0.6443294880629015
0.6304716117223104
0.6290268746853304
0.6337627604722976
0.6471461880757698
0.6270045173883438
0.6411926348944517
0.6332357097069422
0.6339352231005673
0.6259985714753469
0.6380163825909821
0.6292201514561971
0.6376163036560827
0.6267735540072124
0.6363517385295715
0.6324950749476751
0.6372651423192982
0.6268089206059774
0.6458310406223771
0.631487656100591
0.6364502046876277
0.6297092978318533
0.6492388065911083
0.6286797398726145
0.650982717884538
0.6254725835879644
0.6410409966556341
0.6190814514080684
0.6418435073714093
0.6279583245595296
0.6320377178154952
0.626741280412674
0.6365261093077005
