0.1802666666666667
0.23905218956208757
0.24073333333333335
0.24505098980203957
0.27026666666666666
0.26874625074985004
0.2856666666666667
0.24745050989802037
0.3088666666666667
0.29724055188962206
0.32433333333333336
0.2795440911817636
0.3436666666666667
0.3182363527294541
0.35286666666666666
0.3227354529094181
0.3688666666666667
0.35902819436112776
0.37920000000000004
0.23485302939412114
0.3904666666666667
0.36262747450509897
0.3944666666666667
0.3536292741451709
0.40873333333333334
0.34523095380923813
0.42333333333333334
0.37522495500899816
0.4284
0.37072585482903414
0.43533333333333335
0.3341331733653269
0.4421333333333334
0.41361727654469105
0.4554
0.36142771445710853
0.46213333333333334
0.3917216556688662
0.4708666666666667
0.29784043191361725
0.48013333333333336
0.37252549490101977
0.4812
0.30683863227354524
0.4888
0.23185362927414516
0.5004000000000001
0.40281943611277743
0.49846666666666667
0.3827234553089382
0.5059333333333333
0.3965206958608278
0.5126000000000001
0.33833233353329334
0.5135333333333334
0.4124175164967006
0.5218
0.43071385722855426
0.5293333333333333
0.3860227954409118
0.5340666666666667
0.3479304139172165
0.5404
0.4457108578284343
0.5484666666666667
0.44481103779244147
0.552
0.4523095380923815
0.5544666666666667
0.3833233353329334
0.5630666666666667
0.3875224955008998
0.5706666666666667
0.3824235152969406
0.5737333333333333
0.4538092381523695
0.5801333333333334
0.45110977804439106
0.5852666666666667
0.48650269946010793
0.5954666666666667
0.4610077984403119
0.5996
0.379124175164967
0.6046
0.404619076184763
0.6108666666666667
0.3470305938812237
0.6144666666666667
0.35602879424115175
0.6234000000000001
0.4004199160167966
0.63
0.3992201559688062
0.6290666666666667
0.4850029994001199
0.6408
0.4733053389322135
0.6461333333333333
0.43251349730053984
0.6480666666666667
0.4466106778644271
0.656
0.4763047390521895
0.6608666666666667
0.3980203959208158
0.6666000000000001
0.4379124175164967
0.6756666666666667
0.3302339532093581
0.6802
0.42411517696460704
0.6869333333333334
0.4655068986202759
0.6899333333333334
0.34253149370125974
0.6963333333333334
0.4058188362327534
0.7019333333333334
0.43701259748050386
0.7064666666666667
0.48590281943611274
0.7117333333333333
0.5653869226154769
0.7210000000000001
0.4253149370125974
0.7274
0.47390521895620874
0.7339333333333333
0.4592081583683263
0.7416
0.47240551889622073
0.7422666666666667
0.3959208158368326
0.7506666666666667
0.4850029994001199
0.7584666666666667
0.3416316736652669
0.7620666666666667
0.5278944211157768
0.7688
0.29304139172165566
0.7754666666666667
0.5008998200359928
0.7826666666666667
0.5335932813437312
0.7910666666666667
0.42201559688062384
0.7984
0.38092381523695257
0.8037333333333334
0.4034193161367726
0.8081333333333334
0.31283743251349727
0.8208000000000001
0.546490701859628
0.8282666666666667
0.4784043191361727
0.8293333333333334
0.49850029994001194
0.8428666666666667
0.45680863827234547
0.8480000000000001
0.5296940611877624
0.8547333333333333
0.4337132573485303
0.8643333333333334
0.5068986202759448
0.8681333333333334
0.5347930413917216
0.8764666666666667
0.3854229154169166
0.886
0.4622075584883023
0.8907333333333334
0.4520095980803839
0.8920666666666667
0.46820635872825433
0.9028666666666667
0.3677264547090582
0.9113333333333333
0.39082183563287337
0.9171333333333334
0.5392921415716856
0.9243333333333333
0.5083983203359328
0.9301333333333334
0.4109178164367126
0.9324
0.42621475704859024
0.9378000000000001
0.4805038992201559
0.9444666666666667
0.5185962807438512
0.9508000000000001
0.5197960407918416
0.9536666666666667
0.4856028794241151
0.9588000000000001
0.43911217756448706
