2.241158115005493
2.1638783936594943
2.1384139799753825
2.0988267391973725
2.069125248146057
2.0520778316613364
2.023140481185913
2.0603497704132345
1.9766252801895141
1.9949015941030621
1.935121736907959
1.974422709986201
1.890143411064148
1.9149152418061082
1.8527463683446248
1.8927110605920656
1.815970462735494
1.805711154245515
1.7860498318990072
2.202743208758761
1.7555656629562377
1.80131981561623
1.7316094747543336
1.8150593442836778
1.7035252206802367
1.8376819654074557
1.6782489725748697
1.7395533002917467
1.653202959696452
1.784325520578944
1.6279779221216837
1.8301751595024012
1.6058785135904947
1.6628203577958114
1.5819319724400838
1.7634863625333634
1.5585828816095988
1.72685241263
1.5395043632507324
2.3716496850604702
1.5190603422164917
1.7931490425728864
1.5046731426874798
2.0608838598529378
1.4833699246724446
2.5284671245682504
1.4688282402038575
1.70138196403135
1.4452520655314127
1.844174091660054
1.435827498435974
1.7945227457794803
1.4215656297683716
2.1226779507103264
1.4037639450073243
1.6744443795319153
1.3893118069966635
1.620873233838645
1.3705439302444458
1.7431098425824556
1.3564503114700317
2.3798635117508513
1.344517082977295
1.6053585512736777
1.323083797200521
1.6859120618960926
1.3098194862365722
1.6298104698384817
1.2948520546595255
1.905878449315859
1.2833463116327921
1.929377681206427
1.2661511086146038
2.1111301368914757
1.245819529914856
1.6126178531641007
1.2335501264572144
1.6015544161513384
1.2166786151250204
1.4897655927283935
1.2026101588567097
1.5604277139805576
1.1891924494425457
1.9646712700335223
1.1688502134958902
1.806724757009734
1.157425920677185
2.2728017995510545
1.1481556690851846
2.3228573189857267
1.1256636332829792
1.8144576696843249
1.1117870253245037
1.8942573704115988
1.1003762943903606
1.5320684045964397
1.0756854105313618
1.6164051780603428
1.063229063574473
1.8326370271294863
1.0563002408981323
1.802747015260835
1.0364769367535909
1.5916531535058802
1.0174471146265667
2.1054494224341243
1.0039414107640585
1.9708582678453324
0.9870756697018941
2.507766474058475
0.9726428965886434
2.254366008550304
0.9498089026769002
1.6876849652623873
0.9382989811579386
2.841609363578792
0.9257513250986735
2.064370562090585
0.9119504149436951
1.8339707445941003
0.8972862354278565
1.5708991693177479
0.8822429770151774
1.3200323656067279
0.8549343415260315
2.150793315982418
0.837304584980011
1.9261488997442822
0.8277934319496155
1.8749423332391704
0.809817662080129
1.7197057940535154
0.795066874440511
2.217491672292182
0.7745668055852254
1.740111539838696
0.7568070353190104
2.778739069204668
0.7482886068979899
1.482682693447978
0.7268050330479939
3.4527235088336945
0.7061779467264812
1.6546988590219884
0.6893860039075216
1.4950896221932066
0.667854547850291
2.2230585881458045
0.6529826281865437
3.3584533043800175
0.6323455889383952
2.52127157733622
0.6131146721839905
3.198619355966606
0.601579371992747
1.464184009678434
0.5746743779500325
1.7576660738065706
0.5610283526102702
1.6427735977710616
0.5308746089140575
1.9042681828185908
0.5165328928629558
1.571846526900522
0.4983017759005229
2.3041789134105093
0.48132183815638224
1.7592913617469912
0.46410805657704673
1.6693839762978877
0.44070447659492495
2.632946823053755
0.420393444220225
2.109343557352067
0.40528606565793357
1.9851745832588548
0.39698617181777957
1.9530226710175924
0.3703069777170817
3.3852503546069466
0.3534229533672333
2.4136771304777587
0.3356869619846344
1.5460957277300262
0.314834409014384
1.9182757556116645
0.29975578417778015
2.362654864323232
0.29009269790649417
2.5747851345735033
0.2769777134577433
1.9875757243723375
0.2552085414091746
1.8061512626425977
0.24302986160914103
1.9466096097720764
0.23124817470709483
2.117138353199321
0.21640479203859966
2.3418275036351295
