2.253999354680379
2.1853759651349987
2.1471921663920086
2.110339503554291
2.077093186314901
2.054258140462133
2.02446535542806
2.0077663753729205
1.9839495885849
1.9624733641681087
1.9451467125574748
1.9264171431003105
1.9117720530192057
1.9145616704143302
1.8799089408874512
1.8837011184389174
1.8486326471328736
1.9094185923557476
1.813320201365153
1.8971720433335284
1.7841334201812744
1.8874736024579675
1.752489957491557
1.8858679876973976
1.7284032983779907
1.9576486828946467
1.698412175432841
1.8525444524475536
1.6749878065109254
1.9926259762238225
1.647945980834961
1.6840660328198567
1.6286218310674032
1.7313211405427427
1.6047842435836792
1.8854961602646358
1.5794151977539062
2.50517824029379
1.5641531891504923
2.185684015311806
1.5372354094823202
1.685925557360223
1.514441862042745
2.2159817994677815
1.4992289951324462
2.1743343462826754
1.4719690792719524
1.8059594188540298
1.460983831278483
1.8493377033221057
1.4388024147033691
3.3442857894771603
1.4209131978352865
1.5957135428335398
1.4034475173314414
3.2684903679740738
1.3879085573832195
2.1905536089532736
1.3717822708129883
1.732941979337897
1.353405696551005
2.7051925293041976
1.340998238182068
1.9507575651522375
1.32478493309021
1.6790014797509896
1.3122281966527303
1.8651694097272922
1.2882870190302531
1.8200612908433709
1.2802049898783365
1.8634698736360134
1.2630918469111125
2.908209646970981
1.2462060236612955
2.08036578960167
1.2292246210098268
2.28333194611955
1.2159161394755045
1.6660627184617856
1.1991803100585938
1.7504092340492243
1.1882459697087606
2.164448672879865
1.1732401971817017
2.278323045231728
1.155766397412618
1.7105732152901085
1.1392821634292603
1.7158824594419877
1.1248060196558634
1.6441153322212985
1.1120944177627563
1.717656193483212
1.0936719056765238
1.7595672144386392
1.0759701403299968
1.5964337392845909
1.064909025700887
1.9319535421624323
1.0501192929267884
1.6559631903155807
1.033788984934489
2.3573191155912494
1.0133734123547873
1.6946158424851132
0.9991564063390096
1.5887367839075237
0.9835958539009094
2.034876608462411
0.9681100140889486
2.194198183406951
0.9541475486119588
1.4455366342026241
0.9368775588035584
2.4689256687255843
0.9244486606915792
2.065071654949062
0.8981916459401449
1.6987947357508975
0.8852089038213095
2.027176917421653
0.8625934373537699
1.6163996889981669
0.8525556076367696
1.9779853357407742
0.8309924841245016
3.707285869886722
0.8200470368385315
2.0452597519560496
0.7952721296946208
1.4634864481180532
0.7841407574017842
2.907701879185549
0.7616753471692403
1.6242616452638732
0.7387460951487224
2.5102575041250903
0.7228181974411011
1.98217370571601
0.7112504533449808
2.0883088613171457
0.6915253927548727
1.9829121030728547
0.6731175373077393
1.33426734502972
0.6517876128196717
1.5194287610468782
0.6356632211049398
1.6419472411569893
0.6141412936846415
2.6056180028194573
0.6003087759653727
1.7671460940155643
0.5795350270271301
1.7534748049789228
0.5616509597460428
1.5308598711881083
0.5470643127441406
2.759508957173485
0.5279234829902649
2.3749099873323676
0.5078803402264913
2.9361478993473615
0.49367993151346845
1.529072575463316
0.4740427269935608
1.895188625872886
0.45490842701594036
3.4358167642594526
0.44075967124303184
1.7001394334852016
0.42009587675730387
1.7603311774683486
0.4066099225362142
1.9805827296702678
0.3767690695444743
2.6176688788748104
0.37150824832916257
1.6009110682155103
0.34880785299142203
1.5884912962247029
0.3339072692712148
1.8463986389781446
0.321958851202329
1.7591217888567214
0.302448165957133
2.0973783805832293
0.28975270756085714
1.7750414736484008
0.27157661368052166
1.763852906069787
0.2593522266705831
2.052485025350963
0.24963422490755716
2.188045226605123
0.2354727484146754
1.7165195084147347
0.2298791618824005
1.703369121674513
