2.259788420613607
2.2090516666773916
2.1642743915557863
2.124260732780049
2.094577977689107
2.063356163262892
2.041501183191935
2.0157925011372235
1.995882681465149
1.981699457980947
1.9505114491144817
1.953915317900966
1.9026162991841633
1.8940210232279868
1.8587190218607585
1.983420838691835
1.8192821278254192
1.9852227353735032
1.7819001416524252
1.846636298107543
1.7523067280451456
2.7377039639622276
1.7216756441752117
1.9231299236997845
1.697044401995341
1.861317858055243
1.6676634455362955
1.9083147758342007
1.6478925410588583
2.0743545489033757
1.6229296356836955
13.649310001586109
1.5997398261388143
1.9740508359280902
1.5789294435501098
1.818841466234341
1.5607263449986775
1.6551975147696978
1.5439876032511393
1.6976504342314291
1.5303376813252767
2.3879493348385377
1.5142450415929158
1.9717108107785943
1.4947120164871215
2.094672650438479
1.4854348063151042
2.6473236525924033
1.4671750630060831
1.8773288651004694
1.4556904198328653
1.8870250758255178
1.4396571484247844
2.975609604870408
1.4194968641281127
1.7568299256904296
1.4104390510559082
1.6849793334456353
1.3968493438084921
1.7694167408602783
1.3823232774098715
1.9036564875592996
1.3717273747126262
1.8220957162927995
1.3529941710154216
2.616400505299331
1.3453881177902223
1.7831712095910515
1.3297002086003622
1.5975748596609032
1.3068880674997965
1.6177399545353761
1.2986475718816122
2.1238173345784332
1.2759293132781981
1.5892994613367137
1.2639832633336385
1.8330632117814336
1.248917946434021
1.9997048847819776
1.2315808871587117
2.2994142192956137
1.2230655734380087
3.7831885378447994
1.2053603844324747
1.6909853834982898
1.1943687340418498
1.9370823558676937
1.1759433816274008
2.25270013002557
1.1580097191492718
1.6692529609979951
1.1352346748669941
1.8950004985966078
1.127970052274068
5.406859948811019
1.1060413089116414
2.640821892984913
1.0939006172180177
2.56701448347015
1.0729217451731363
1.5191203971501233
1.0497043341954548
2.9866905926084835
1.0380258740743
1.9529463631990933
1.018847899278005
1.528228018479785
1.0025828238805135
2.0919098974203876
0.9727373221715291
1.9815939478911393
0.9629042157491048
1.7951519469265174
0.9458928438504537
2.1889656068825336
0.9316945426623027
3.037881224185461
0.9025505308151245
1.6186453573133106
0.8778537333170573
2.2208311895302977
0.8603318842252096
3.1598812903053544
0.8423905257225036
1.9848296418473188
0.8218617533365885
1.6875650283456491
0.8028939375877381
1.5690658691763235
0.7745853937466939
2.0348265757443453
0.7483931751887004
2.3980788764084036
0.7326271023114522
2.596012425265344
0.6896105892817179
2.0412653330635293
0.6687649799029033
1.4661705511089707
0.631912053934733
2.14398612930307
0.6113624278068542
2.8941992525576685
0.5812576609611512
2.6300792432360542
0.5432432066281636
2.0600285941280143
0.5334501852353414
2.437597717721089
0.48798139305114746
3.247874603059811
0.46206743941307066
2.021721286514811
0.43997632354100547
1.7447049170106774
0.40627241086959837
2.0132390570340215
0.3799581112543742
1.5651560432551932
0.36927736908594766
2.179028342852853
0.33707231515248615
2.065380126756326
0.3197057516892751
3.0525061706618484
0.3194567417462667
2.2750658321752475
0.3173572775046031
2.1784908011350077
0.2878759112675985
2.0365509281776304
0.27251837531725565
1.8435588164750014
0.2547596218585968
2.4573484561224506
0.25065155652364096
3.2151517157219955
0.2824158971150716
1.7813775505072782
0.2690484015146891
1.9474355428606434
0.2647569674650828
1.919179743324559
0.27872638886769613
5.376727388229782
0.35743203218777975
1.7089410255108326
0.27477782483100893
1.9450831067869603
0.23875874314308165
1.5364536706315735
0.22212393587430318
1.3372488185253841
0.21273264575004577
2.2692771670199043
0.27330271080334984
1.8486035186227525
0.6723660848935445
2.0269910002727314
