0.16786666666666666
0.22765446910617876
0.23240000000000002
0.24805038992201559
0.2664
0.2675464907018596
0.28653333333333336
0.29004199160167965
0.3058666666666667
0.3122375524895021
0.32020000000000004
0.3173365326934613
0.3314666666666667
0.31613677264547085
0.34493333333333337
0.34313137372525493
0.3598
0.3401319736052789
0.3758666666666667
0.33683263347330533
0.3857333333333334
0.3320335932813437
0.3952666666666667
0.3185362927414517
0.4052
0.3131373725254949
0.41953333333333337
0.3428314337132573
0.4252
0.29694061187762444
0.4332666666666667
0.407618476304739
0.4412666666666667
0.3944211157768446
0.4506
0.3527294541091781
0.4602666666666667
0.22495500899820034
0.4587333333333334
0.29094181163767247
0.47153333333333336
0.4112177564487102
0.48173333333333335
0.31913617276544687
0.48400000000000004
0.2888422315536892
0.4938666666666667
0.3704259148170366
0.49413333333333337
0.35722855428914213
0.5063333333333334
0.18296340731853628
0.5150666666666667
0.44181163767246545
0.5206666666666667
0.22645470905818835
0.5260666666666667
0.31043791241751645
0.5296000000000001
0.395620875824835
0.5390666666666667
0.23815236952609475
0.5428666666666667
0.3500299940011997
0.5448000000000001
0.4175164967006598
0.5496
0.37102579484103176
0.5603333333333333
0.4109178164367126
0.5622666666666667
0.3854229154169166
0.5702666666666667
0.3236352729454109
0.5764666666666667
0.35242951409718054
0.5839333333333334
0.2960407918416316
0.5860000000000001
0.4442111577684463
0.5944666666666667
0.42711457708458306
0.5978666666666667
0.35842831433713257
0.6054
0.3263347330533893
0.6089333333333333
0.42321535692861423
0.6172666666666667
0.43821235752849425
0.6234000000000001
0.45680863827234547
0.6286666666666667
0.43701259748050386
0.6329333333333333
0.45320935812837426
0.6410666666666667
0.4664067186562687
0.6429333333333334
0.4133173365326934
0.6490666666666667
0.4559088182363527
0.6528
0.37312537492501496
0.6608
0.4667066586682663
0.6656666666666667
0.4706058788242351
0.6711333333333334
0.4259148170365926
0.6783333333333333
0.4058188362327534
0.6827333333333334
0.5035992801439712
0.6873333333333334
0.3299340131973605
0.6953333333333334
0.3803239352129574
0.7066
0.47030593881223753
0.7098666666666666
0.3890221955608878
0.7150000000000001
0.5080983803239352
0.7204666666666667
0.40641871625674864
0.7289333333333333
0.25224955008998196
0.7321333333333334
0.42201559688062384
0.7422666666666667
0.5203959208158367
0.743
0.3395320935812837
0.7542
0.5056988602279544
0.7608666666666667
0.406118776244751
0.7679333333333334
0.44241151769646064
0.7741333333333333
0.43251349730053984
0.7794666666666668
0.43641271745650867
0.7852
0.5650869826034792
0.7926666666666667
0.5233953209358128
0.8005333333333333
0.49820035992801437
0.811
0.38872225554889017
0.8166666666666667
0.4679064187162567
0.8228666666666667
0.49040191961607676
0.8323333333333334
0.5356928614277144
0.8349333333333334
0.3527294541091781
0.8426666666666667
0.4238152369526094
0.8521333333333334
0.3983203359328134
0.8554
0.5392921415716856
0.8603333333333334
0.48230353929214154
0.8698666666666667
0.28284343131373724
0.8746666666666667
0.49820035992801437
0.8840666666666667
0.5161967606478703
0.8868666666666667
0.44031193761247744
0.8977333333333334
0.4058188362327534
0.9022
0.5152969406118776
0.9094666666666668
0.5473905218956209
0.9168666666666667
0.5011997600479904
0.922
0.5110977804439112
0.9282
0.44121175764847026
0.9324666666666667
0.5131973605278943
0.937
0.5257948410317936
0.9417333333333334
0.47960407918416315
0.9471333333333334
0.4544091181763647
0.9492666666666667
0.5143971205758848
0.9511333333333334
0.5365926814637072
