0.16513333333333335
0.2072585482903419
0.2278666666666667
0.23455308938212355
0.25520000000000004
0.270245950809838
0.28340000000000004
0.28794241151769645
0.29973333333333335
0.3074385122975405
0.32306666666666667
0.31193761247750446
0.34613333333333335
0.34463107378524294
0.3602666666666667
0.2831433713257348
0.3771333333333334
0.29964007198560283
0.3896
0.35722855428914213
0.3964666666666667
0.16736652669466107
0.4134666666666667
0.3086382723455309
0.41853333333333337
0.34403119376124774
0.4272
0.3200359928014397
0.43833333333333335
0.28074385122975404
0.44320000000000004
0.06088782243551289
0.45213333333333333
0.3257348530293941
0.4602666666666667
0.35392921415716855
0.46526666666666666
0.42471505698860224
0.4736
0.41931613677264545
0.47553333333333336
0.2579484103179364
0.4810666666666667
0.31253749250149965
0.4872666666666667
0.3302339532093581
0.49093333333333333
0.20935812837432513
0.49946666666666667
0.3473305338932213
0.505
0.364127174565087
0.5156000000000001
0.23095380923815234
0.5215333333333334
0.4019196160767846
0.5244
0.4202159568086382
0.5295333333333334
0.4013197360527894
0.5376000000000001
0.37252549490101977
0.5433333333333333
0.36262747450509897
0.5495333333333333
0.3398320335932813
0.5505333333333333
0.3995200959808038
0.5602
0.4484103179364127
0.5711333333333334
0.43461307738452304
0.5734666666666667
0.364127174565087
0.5818666666666666
0.4616076784643071
0.5868
0.407618476304739
0.5963333333333334
0.3455308938212357
0.6019333333333333
0.31613677264547085
0.6057333333333333
0.19286142771445708
0.6127333333333334
0.43191361727654465
0.6176
0.34763047390521895
0.6248666666666667
0.28854229154169164
0.6338666666666667
0.44331133773245346
0.6417333333333334
0.4034193161367726
0.6454666666666667
0.0680863827234553
0.6532
0.2609478104379124
0.6576666666666667
0.37312537492501496
0.6663333333333333
0.48950209958008395
0.6752666666666667
0.22615476904619075
0.6814
0.3827234553089382
0.6898000000000001
0.48800239952009594
0.6958000000000001
0.35752849430113975
0.7073333333333334
0.3485302939412117
0.7101333333333334
0.416616676664667
0.7183333333333334
0.3254349130173965
0.7256666666666667
0.24355128974205156
0.7355333333333334
0.4748050389922015
0.7491333333333333
0.3359328134373125
0.7574000000000001
0.29304139172165566
0.7626666666666667
0.3917216556688662
0.7712666666666667
0.43491301739652066
0.7862666666666667
0.48860227954409113
0.7927333333333334
0.38302339532093577
0.8065333333333333
0.28704259148170364
0.8114666666666667
0.30773845230953806
0.8336666666666667
0.37732453509298136
0.8401333333333334
0.5305938812237552
0.8572666666666667
0.3449310137972405
0.8663333333333334
0.3395320935812837
0.8792666666666668
0.2789442111577684
0.8966666666666667
0.37642471505698855
0.9012
0.35812837432513495
0.9188000000000001
0.2789442111577684
0.9292
0.42921415716856626
0.9372666666666667
0.43671265746850624
0.9514
0.37012597480503895
0.9596666666666667
0.4856028794241151
0.9627333333333333
0.38152369526094776
0.9733333333333334
0.4073185362927414
0.9774
0.29544091181763643
0.9752000000000001
0.3053389322135573
0.9778
0.35092981403719253
0.9854666666666667
0.3296340731853629
0.9875333333333334
0.3878224355128974
0.9917333333333334
0.31343731253749246
0.9913333333333334
0.2540491901619676
0.9836
0.4202159568086382
0.9896
0.3827234553089382
0.9889333333333333
0.37672465506898617
0.9860000000000001
0.1376724655068986
0.9625333333333334
0.4661067786442711
0.9882666666666667
0.36382723455308935
0.995
0.5053989202159568
0.996
0.5782843431313737
0.9984000000000001
0.3080383923215357
0.9867333333333334
0.4055188962207558
0.8399333333333334
0.35962807438512295
