0.36772376382224076
0.5674865026994601
0.5923221364489881
0.6541691661667666
0.6564781973711663
0.6757648470305938
0.6879824744418944
0.7102579484103179
0.7090548716878782
0.7201559688062387
0.7181306071354058
0.7324535092981403
0.7259545170039642
0.7363527294541091
0.7356561652409764
0.7381523695260948
0.7408721051533487
0.7516496700659867
0.7432714375130398
0.7543491301739651
0.743062799916545
0.759748050389922
0.7514083037763405
0.7603479304139171
0.7543292301272689
0.7660467906418715
0.7592322136448988
0.7603479304139171
0.760692676820363
0.7639472105578884
0.7610056332151054
0.7639472105578884
0.7664302107239724
0.7648470305938811
0.768203630294179
0.7699460107978404
0.768412267890674
0.7759448110377923
0.771959107031087
0.7711457708458308
0.773836845399541
0.7663467306538692
0.775714583767995
0.7816436712657467
0.7778009597329439
0.7741451709658068
0.7800959732943876
0.7654469106178764
0.7758189025662424
0.7786442711457707
0.7838514500312956
0.7795440911817636
0.7819737116628417
0.7756448710257948
0.7856248696015022
0.7771445710857828
0.7793657417066555
0.777744451109778
0.7848946380137701
0.7735452909418116
0.7834341748383059
0.7756448710257948
0.7852075944085124
0.77624475104979
0.7864594199874818
0.7816436712657467
0.7885457959524307
0.7825434913017396
0.7856248696015022
0.7738452309538092
0.7896933027331525
0.779244151169766
0.7872939703734613
0.7834433113377324
0.792405591487586
0.7804439112177564
0.7909451283121218
0.7783443311337732
0.7914667223033591
0.7849430113977204
0.7914667223033591
0.78374325134973
0.7937617358648028
0.7753449310137972
0.7929271854788233
0.7801439712057587
0.7917796786981014
0.7798440311937612
0.793553098268308
0.7828434313137372
0.7972042562069686
0.7843431313737252
0.7934487794700605
0.7819436112777444
0.7977258501982057
0.7831433713257347
0.798038806592948
0.7870425914817036
0.7964740246192364
0.7786442711457707
0.7941790110577926
0.7810437912417516
0.7964740246192364
0.7759448110377923
0.7920926350928438
0.7825434913017396
0.8018986021281035
0.78374325134973
0.7944919674525349
0.7825434913017396
0.8045065720842896
0.7816436712657467
0.8026288337158356
0.7849430113977204
0.800125182557897
0.7879424115176964
0.8005424577508867
0.7828434313137372
0.8022115585228459
0.7846430713857228
0.8066972668474859
0.7858428314337131
0.8038806592948049
0.7840431913617276
0.805549760066764
0.789742051589682
0.7996035885666597
0.786742651469706
0.8062799916544962
0.7864427114577084
0.8016899645316086
0.7801439712057587
0.8032547465053202
0.7870425914817036
0.7967869810139787
0.7888422315536892
0.8018986021281035
0.788242351529694
0.8042979344877947
0.7915416916616675
0.8009597329438765
0.789742051589682
0.8088879616106822
0.7831433713257347
0.8049238472772794
0.7906418716256748
0.8052368036720217
0.7864427114577084
0.805549760066764
0.7891421715656868
0.8053411224702691
0.7900419916016796
0.804610890882537
0.7888422315536892
0.8027331525140831
0.7858428314337131
0.8040892968912998
0.7900419916016796
0.8031504277070728
0.7894421115776844
0.8079490924264553
0.7864427114577084
0.8027331525140831
0.7876424715056988
0.8015856457333612
0.782243551289742
0.8109743375756312
0.7870425914817036
0.8075318172334655
0.7855428914217156
0.8037763404965576
0.785242951409718
0.8112872939703735
0.792741451709658
0.8023158773210933
0.7858428314337131
0.8051324848737743
0.782243551289742
0.8088879616106822
0.785242951409718
0.8118088879616107
0.78374325134973
0.8072188608387232
0.7903419316136772
0.8096181931984143
0.7840431913617276
0.8053411224702691
0.7924415116976604
0.8108700187773837
0.78374325134973
0.8108700187773837
0.7858428314337131
0.8082620488211976
0.780743851229754
0.8114959315668684
0.7831433713257347
0.8136866263300647
0.7855428914217156
0.8031504277070728
0.7849430113977204
