1.8843434355887196
1.5005514528769965
1.4050706119346341
1.2114574346416498
1.1954134010507547
1.0962646189891585
1.077612258113055
0.9776032435801048
0.997905837900077
0.9255225121009543
0.9443999153573355
0.8860629595677583
0.90493214152786
0.847893344369132
0.8709237965516747
0.8362300210930161
0.8497213001866045
0.7937529830783874
0.82586756733497
0.7798055043889865
0.8141224763350126
0.7692088955129487
0.79317502014925
0.7589170707151713
0.7806608440133342
0.7337311444056556
0.7699792691518687
0.7403336960216733
0.7583313273806526
0.731009547375746
0.751658991336723
0.7260478458936585
0.7334965534357445
0.7221347739328935
0.7321282927387571
0.6960216471014726
0.727423993202582
0.6998970579014042
0.7115787391047773
0.7055391811759585
0.7055719715057125
0.716884283942238
0.6997780913031229
0.6716510881437966
0.693957512422964
0.6903035483749311
0.692048269984072
0.6905838563260591
0.690255623233858
0.6774587752615969
0.6811227506718754
0.6760036658582819
0.6727198804566439
0.6893334641346477
0.6632352908468933
0.6789646060007664
0.6764986913735946
0.6747573762327593
0.6736443454379109
0.669095425698381
0.6631356841234979
0.6656748298834954
0.6641387947163302
0.661775889050553
0.6610701730796994
0.6720914779556105
0.6580294746460209
0.666832219324358
0.652678857000392
0.67792737609123
0.6515639269996132
0.6664532637553223
0.6453090304749359
0.6516896537234129
0.6432012186253366
0.6605996658738388
0.6439606911101919
0.663465541962313
0.6449852320288856
0.6558218017873038
0.6383640165247401
0.6486658571577387
0.6380166945516156
0.662384955305215
0.6374695594540076
0.65636976436004
0.632838338299507
0.6556182790818011
0.637818880788026
0.6444355546534241
0.6267196538178229
0.6543404571868447
0.6286919581325522
0.6598246525559657
0.6221986361891
0.6521423159063255
0.6117703263256711
0.6398869003713953
0.6265873507321217
0.6536555805460879
0.6285033621719379
0.6519268324222118
0.6169857784574077
0.6548310010177186
0.6226960597445167
0.645954933363875
0.6092960645852545
0.6499100346442247
0.6219971880966503
0.652426539778924
0.6116436813038325
0.6464218340778358
0.6092111465454897
0.6497208347703857
0.613569497999955
0.6369685723385413
0.614860350419603
0.6441628723424856
0.6099417656318096
0.6521337049123264
0.6040550344750898
0.6360631065949324
0.6056530990457326
0.6453376417039896
0.5969819083060598
0.6335728593979614
0.6066191951044163
0.6387951996559573
0.6009709350057467
0.6379446175170645
0.600263737547803
0.6542474335013712
0.597083187898539
0.6422481622678761
0.602203742798201
0.6277670196218983
0.598788521134627
0.6429144377542529
0.600683657928521
0.6316165053422536
0.6011086550879126
0.6340283848385505
0.5906899169867754
0.641519476821055
0.5903260089859643
0.6338783996364065
0.5864721471721634
0.636729474867184
0.5928316711135878
0.6279628403936236
0.5913860485246827
0.6343102972523209
0.5885246168614529
0.6422422205751073
0.5898349071479206
0.6367718043910864
0.5923309913513284
0.6389133600539337
0.5890798801274482
0.6431584403624989
0.5786982991116892
0.629483334054186
0.5895146570995609
0.6445392892613837
0.5937496325261106
0.6409471602803157
0.5786643239232112
0.6337678294269068
0.578960178864915
0.6410008498434543
0.5832039760618053
0.6394216559501058
0.5758058215739607
0.6313599254388471
0.5882111190505995
0.6383029337800329
0.5795285419459734
0.6365218220818307
0.580899106854316
0.6377151309728766
0.5775678746267024
0.633137447682411
0.5845227288492234
0.6217288987752414
0.5813892016872444
0.6470368606517182
0.5759243117029423
0.6340566442337447
0.5771519850644939
0.6356718420410271
0.576174639807398
0.6378438882507388
0.5749486146579076
0.644405182743759
0.5775147755061961
0.625776023280499
0.5683220617213529
0.6430145947426897
0.5862352009446841
0.633060433296794
