2.1969244316975756
2.1446084848906226
2.117733576042578
2.0870743520115402
2.0650516947151947
2.0373059943827885
2.02348202624899
1.9985630187576375
1.989053792429199
1.9683751929786009
1.9542262123393634
1.9394847710259888
1.9197005308820987
1.915694408739979
1.8909466238278525
1.8796025508166647
1.8651771564809958
1.8552424739632838
1.8358020263152954
1.8860434461798437
1.8084053186889781
1.8483050159158003
1.7862536482390148
1.798063744666266
1.764531972386905
1.8495213397620465
1.742779546731105
1.7518984906746373
1.720163980978853
1.7510232291110062
1.7046018029562546
1.8292795415402316
1.685452787607019
1.7536740519718703
1.6679126244110627
1.7119674376548946
1.6562483410683053
1.6703653163229124
1.6394823760496857
1.6652909565915872
1.6208984469561594
1.7162573544937618
1.609693478473462
1.6201719002732275
1.5993607032779062
1.651094936938363
1.5839914176749108
1.6621390295085896
1.564648017688308
1.6496549197564814
1.5560054358475
1.6288086193081284
1.5400900450276105
1.5775891556736947
1.5272286184242467
1.6094245308519626
1.5171737008569337
1.6790338749648142
1.5004108164272154
1.5737195623514533
1.4894042876874531
1.557624894055193
1.4776322976448033
1.60483452397045
1.4616910892216368
1.544668096729432
1.4469281554644924
1.566697913082903
1.440865119488981
1.598300639712031
1.419192302707041
1.4900278874193043
1.410344807509214
1.5181423703853285
1.3975262220582856
1.4911489774169648
1.3771429424019266
1.535531362910863
1.3738515244728087
1.4551117043332134
1.3595632398499096
1.5795468367283116
1.3522913390053555
1.5236269047536317
1.336243731652723
1.5290520322058254
1.3198973990272636
1.4950300819800868
1.3098810428173289
1.4995473269294963
1.3034246221554695
1.4031392615500795
1.2832979794810069
1.442928768734626
1.2657037109864073
1.4149860050696845
1.2591830322395754
1.461087427099236
1.2460569576308793
1.4298270441274408
1.2301191118150023
1.4244062192581626
1.2210733661217852
1.4588858419431494
1.2081071906663818
1.3847640876864415
1.1961738330547382
1.4046321869897642
1.1839132857128696
1.4206032338225347
1.1716910632000372
1.373805650852366
1.1555441358306824
1.381421638879507
1.145861596372713
1.480043438143121
1.135309403036672
1.328936795310196
1.1234084068298738
1.4004401220271312
1.1076009518265002
1.3418705424078226
1.0938292305777422
1.3395577242221386
1.0832801566302042
1.3240493999388523
1.0647698649279689
1.361971505044389
1.0550537839603404
1.3394492851379178
1.0418615158878137
1.3264519257250844
1.0269686285598327
1.3569901806191191
1.0108577671862833
1.3044209568959622
1.0049873287160935
1.3052247799865915
0.9923849616945101
1.3349164162986495
0.9726166993025174
1.3435224921995104
0.9664856517038837
1.3782532042418687
0.9515362110462264
1.299852789985826
0.9393793083470872
1.3262077458403965
0.9258754822199563
1.3225038921897398
0.9116699536906735
1.3057091360544115
0.8950717114168594
1.2601961898245924
0.8907457506286061
1.3262582781362047
0.8665849513234561
1.364108422736458
0.846377295764284
1.2747562140065465
0.8390680648403578
1.2584357612778059
0.8259600518193992
1.266861288935107
0.8095105998256922
1.3063073684587119
0.7948430388973123
1.4869577251441763
0.78420741600854
1.2704378264924332
0.7684747572112327
1.3502959541453525
0.7442621697893029
1.3415029510882492
0.7383171506125022
1.2883563786119347
0.725920970370768
1.2511954147370905
0.7038038430446726
1.397085792802377
0.6960991218471587
1.3560468318152012
0.6779300055274032
1.3146356919352424
0.6616004277141164
1.3175342955414806
0.6579672213688091
1.283515892203296
0.6312347118525721
1.290013072801051
0.6175551944129183
1.2935006733632903
0.5957507395356327
1.2867063980082516
0.581723146838533
1.6240217298823485
0.5710457719966611
1.2800990578365956
0.5555089142460329
1.30743020944561
