0.18558314208220322
0.21385722855428912
0.228040892968913
0.23335332933413316
0.2467139578552055
0.25734853029394117
0.2704986438556228
0.2735452909418116
0.28718965157521387
0.28584283143371325
0.30043813895263927
0.29484103179364124
0.31368662633006467
0.30713857228554287
0.32766534529522223
0.3293341331733653
0.3448779470060505
0.34313137372525493
0.35760484039223867
0.31133773245350926
0.3643855622783226
0.3470305938812237
0.37617358648028376
0.36472705458908217
0.38723137909451283
0.3599280143971205
0.3927602754016274
0.38302339532093577
0.40653035677029004
0.3959208158368326
0.4152931358230753
0.3797240551889622
0.4161276862090549
0.3935212957408518
0.42103066972668474
0.4133173365326934
0.4272897976215314
0.42321535692861423
0.4316711871479241
0.43191361727654465
0.44272897976215314
0.4088182363527294
0.45149175881493847
0.44901019796040786
0.45389109117462967
0.4337132573485303
0.4555601919465888
0.4379124175164967
0.46474024619236387
0.4436112777444511
0.4723555184644273
0.43611277744451105
0.4735030252451492
0.4616076784643071
0.47840600876277906
0.44541091781643666
0.4828917170874192
0.4274145170965806
0.48727310661381185
0.4481103779244151
0.4931149593156687
0.4535092981403719
0.5004172751929898
0.45050989802039587
0.5012518255789693
0.47900419916016795
0.5104318798247445
0.4661067786442711
0.5151262257458794
0.4514097180563887
0.5200292092635093
0.48110377924415115
0.5172126017108283
0.4862027594481103
0.5271228875443355
0.48320335932813435
0.5342165658251617
0.48290341931613673
0.5315042770707281
0.5002999400119975
0.5421447944919675
0.4835032993401319
0.5424577508867098
0.4814037192561487
0.5441268516586689
0.4730053989202159
0.550490298351763
0.4871025794841031
0.5564364698518673
0.48080383923215353
0.5574796578343417
0.5131973605278943
0.5619653661589818
0.5044991001799639
0.5747965783434175
0.51499700059988
0.57469225954517
0.49490101979604073
0.5795952430628
0.5047990401919615
0.5853327769664094
0.5152969406118776
0.5872105153348633
0.5059988002399519
0.588775297308575
0.5308938212357528
0.5974337575631129
0.5071985602879424
0.6025453786772377
0.5260947810437911
0.606405174212393
0.5356928614277144
0.6128729397037346
0.5182963407318536
0.6162111412476529
0.4976004799040192
0.6184018360108492
0.5488902219556089
0.6224702691424995
0.52249550089982
0.6275818902566243
0.541991601679664
0.627999165449614
0.5323935212957408
0.6368662633006468
0.5515896820635873
0.6451074483621949
0.5443911217756449
0.6451074483621949
0.5377924415116976
0.6531399958272481
0.5482903419316136
0.660650949301064
0.549490101979604
0.6643021072397246
0.5581883623275344
0.6626330064677655
0.5560887822435513
0.6661798456081786
0.5557888422315537
0.6772376382224077
0.547990401919616
0.6802628833715836
0.5377924415116976
0.6834967661172543
0.5596880623875224
0.6844356353014813
0.5572885422915417
0.6962236595034426
0.5482903419316136
0.70571667014396
0.5728854229154169
0.7072814521176716
0.5806838632273544
0.7088462340913833
0.5602879424115177
0.7185478823283956
0.5461907618476304
0.7243897350302525
0.5776844631073784
0.7277279365741707
0.579484103179364
0.7280408929689131
0.5815836832633473
0.7410807427498436
0.5686862627474505
0.7423325683288129
0.5458908218356329
0.746818276653453
0.5791841631673664
0.7557896933027332
0.5647870425914816
0.7661172543292302
0.5668866226754649
0.763509284373044
0.5770845830833833
0.7662215731274776
0.5998800239952009
0.7740454829960359
0.5605878824235152
0.7791571041101607
0.5710857828434313
0.7859378259962445
0.5653869226154769
0.7938660546630503
0.5818836232753449
0.7940746922595452
0.5791841631673664
0.8052368036720217
0.5926814637072585
0.812121844356353
0.5827834433113377
0.8190068850406843
0.5902819436112777
0.8261005633215106
0.547990401919616
0.8292301272689339
0.5833833233353329
0.8367410807427499
0.5830833833233353
