2.2686913920084635
2.217250212267193
2.1714788365681965
2.11565344621124
2.0943176356633506
2.058615312936711
2.03955989335378
2.027568232391005
1.9929492553075154
1.9860574592711615
1.9513958643595377
1.9404363462720435
1.9089696030298868
1.9231399909135605
1.8689423627217612
1.8564860315900686
1.8294704155604045
1.8125652824251968
1.7922712213516236
1.8008054322515623
1.7596937964757284
1.8157404132710293
1.729782723490397
1.7751844425578995
1.7042630453109742
1.7242395269277215
1.6788885864257812
1.8056881873280113
1.655985542488098
1.6761707673190094
1.6319005309422812
1.7047414779663086
1.6095893482844035
1.6934286963818097
1.5904116186141968
2.1957552566024883
1.566369101969401
1.6360349432751313
1.548670098431905
1.613926879574456
1.530009785970052
1.593010543346691
1.5106373879114787
1.7452022201226869
1.4893705890019735
1.6493717405562924
1.4774810129801432
1.6538914544323495
1.4622111386617025
1.5626676837054998
1.442906317838033
1.7144999459752368
1.4264308347702026
1.857608182528953
1.4130897331237793
1.6573838249394188
1.399139887682597
1.5665252371755416
1.3869575388590494
1.6265149770129135
1.359765908495585
1.601525629861096
1.3539515069961547
1.488082395961489
1.3369587302525838
1.6002664610377026
1.3260830315272014
1.500892165469494
1.3090601015726726
1.679495551661953
1.295094900449117
1.5806794127948856
1.2789976574579875
1.6136934546989528
1.2653727168401083
1.469072976366946
1.2570749497095743
1.4260853031973104
1.2404667996088663
1.6316761847520633
1.2258080757141114
1.907408955644975
1.207903011894226
1.414370824637067
1.1928400643030803
1.444275483730387
1.1760897626876832
1.5812938958495837
1.1644381534576416
1.4673140911406648
1.1488118542353312
1.4926600059350237
1.1313601038297016
1.4404473251115082
1.1223307703971863
1.451647110305722
1.105219077237447
1.4320860257675065
1.0939425848642985
1.5375680117529884
1.0725643345514932
1.4007731326054012
1.0571903023401896
1.3924497702769627
1.0445847679773967
1.392496607656885
1.0271582962671915
1.4178714799752261
1.0065788027445475
1.434769607834567
0.9923432656606038
1.528250791887788
0.98072321656545
1.3402299005683482
0.9597231709798177
1.326843015147886
0.9442351832707723
1.4395961674945972
0.9282866617838542
1.370146152997489
0.91858814051946
1.3347907975253475
0.8965764097849528
1.4200462454010359
0.8820097119331359
1.406666280841427
0.8607665250460307
1.3034015980107239
0.8477931579589844
1.3543269870234023
0.831851170126597
1.4019999974633521
0.8164773165384929
2.025343535685868
0.7968288815498352
1.3541048336472423
0.7852369457244873
1.431978166997254
0.7634029780387879
1.4602698083401584
0.7439970883687337
1.2982087160343887
0.7326306892395019
1.3993141438407533
0.7142992655277253
1.2227302930565316
0.6949299270629883
1.3404195216435764
0.6799532900174459
1.2770659221312781
0.6555217337926229
1.3062820339996657
0.6417830299854279
1.4874311475676552
0.6295758851687113
1.3373262005504478
0.6062592815717062
1.5380496370913959
0.5843447491963705
1.3640157577157663
0.5738998035430908
1.459224743762986
0.5538809947013855
1.5734534109861606
0.5347674207051595
1.3472546881090472
0.5215824040412903
1.5211390741728135
0.49905521920522056
1.3924248054775565
0.48501235920588176
1.804061277583465
0.47575325638453164
1.4318901116288774
0.4488034035682678
1.5090637738359998
0.4337796360174815
1.486527089451914
0.42603549760182696
1.360005168623029
0.39479140086174014
1.54139515534088
0.3833737628142039
1.5163979014023092
0.3674113167603811
1.4651811260553484
0.3489967560609182
1.3886801402370015
0.33174976325035094
1.5097664276425111
0.31929182715415955
1.3478230637708823
0.3056818642616272
1.700709023158137
0.2959806292057037
1.428645640075314
0.27240041171709695
1.46189328615152
0.27013030465443927
1.6990107008991802
