0.12366666666666667
0.16346730653869224
0.17146666666666668
0.15266946610677865
0.20086666666666667
0.22615476904619075
0.219
0.21145770845830833
0.2338
0.1937612477504499
0.2298
0.20845830833833232
0.2374
0.21895620875824834
0.2378
0.22855428914217155
0.24646666666666667
0.24925014997000597
0.24946666666666667
0.23035392921415715
0.25433333333333336
0.24565086982603476
0.26433333333333336
0.24685062987402517
0.2692
0.2636472705458908
0.2766
0.273245350929814
0.27740000000000004
0.2774445110977804
0.2858
0.29544091181763643
0.28786666666666666
0.29484103179364124
0.28673333333333334
0.28794241151769645
0.2930666666666667
0.23515296940611877
0.2996666666666667
0.29514097180563886
0.30013333333333336
0.22555488902219553
0.3038666666666667
0.2615476904619076
0.30813333333333337
0.21715656868626274
0.3121333333333334
0.2819436112777444
0.3182666666666667
0.2735452909418116
0.3198666666666667
0.2840431913617276
0.32853333333333334
0.2570485902819436
0.3314666666666667
0.2783443311337732
0.33893333333333336
0.3200359928014397
0.34600000000000003
0.23125374925014994
0.3546666666666667
0.29634073185362925
0.3592
0.29724055188962206
0.3642666666666667
0.2861427714457108
0.37293333333333334
0.2924415116976604
0.3768
0.2603479304139172
0.38806666666666667
0.23545290941811636
0.3908666666666667
0.277744451109778
0.3938666666666667
0.2036592681463707
0.39880000000000004
0.34313137372525493
0.40153333333333335
0.30413917216556685
0.4074666666666667
0.09838032393521295
0.41253333333333336
0.271745650869826
0.4156666666666667
0.3395320935812837
0.4168
0.30713857228554287
0.4228
0.289742051589682
0.4252
0.18896220755848828
0.42733333333333334
0.3158368326334733
0.43173333333333336
0.14427114577084582
0.43093333333333333
0.3251349730053989
0.4364
0.20785842831433712
0.435
0.3356328734253149
0.4398
0.35842831433713257
0.43960000000000005
0.2753449310137972
0.4456
0.14637072585482902
0.4494
0.28644271145770844
0.44793333333333335
0.33893221355728853
0.452
0.250749850029994
0.45780000000000004
0.36262747450509897
0.4534666666666667
0.1412717456508698
0.45940000000000003
0.28944211157768446
0.459
0.22735452909418113
0.461
0.258248350329934
0.46453333333333335
0.3158368326334733
0.467
0.3179364127174565
0.4703333333333334
0.17066586682663465
0.47700000000000004
0.30413917216556685
0.4718666666666667
0.3434313137372525
0.4708666666666667
0.29574085182963405
0.4749333333333334
0.07858428314337132
0.47940000000000005
0.11277744451109777
0.4824
0.24895020995800837
0.4824
0.11037792441511697
0.4852
0.29064187162567484
0.4878
0.30053989202159564
0.4892
0.17216556688662266
0.4908
0.18716256748650267
0.48886666666666667
0.21805638872225552
0.49393333333333334
0.2006598680263947
0.49520000000000003
0.29304139172165566
0.5042666666666666
0.14877024595080982
0.4976666666666667
0.29454109178164367
0.5060666666666667
0.3470305938812237
0.5033333333333334
0.24355128974205156
0.507
0.3428314337132573
0.5074666666666667
0.37252549490101977
0.5046666666666667
0.38932213557288536
0.508
0.3599280143971205
0.5136666666666667
0.38362327534493096
0.5184
0.34673065386922614
0.5196666666666667
0.27294541091781643
0.5254
0.1934613077384523
0.522
0.11337732453509297
0.5280666666666667
0.24535092981403717
0.5225333333333334
0.2012597480503899
0.5270666666666667
0.08098380323935213
0.5288
0.29574085182963405
0.5294
0.3917216556688662
0.5301333333333333
0.28914217156568683
0.5317333333333334
0.36082783443311334
0.5301333333333333
0.14817036592681462
