2.1081429461161294
2.0178497919581506
1.9702931186676025
1.9177569069401834
1.8835461113611858
1.855568417046838
1.814035639890035
1.8167108940234353
1.7617059909184773
1.777748537764409
1.7161522562026978
1.7355298175737395
1.6783720382054648
1.78990377683302
1.6366084561665852
1.763921972513914
1.6052189140319824
1.8716612665254195
1.577602956899007
1.6844222017155484
1.5446639927546184
1.6886940862722002
1.5240774775187174
1.6178145459403375
1.4958080137252807
1.8461781555689518
1.4744589849472045
1.582471566065815
1.4540965837478639
1.7247147464294525
1.4313834349950154
1.97262581594704
1.4127817217508951
1.8307115369452354
1.3888532922744752
1.628359408169788
1.3749537007013957
1.7075667247560544
1.3565944023132324
1.5209645110114864
1.3434981541315714
1.575632275759852
1.316674257405599
1.7394906117949003
1.310807298851013
1.558912543100587
1.288550723838806
1.5773206864135596
1.2733527729670207
1.944841933236125
1.2600344255447389
1.5120827365078895
1.2448340642929077
1.537452769837268
1.2334314100265502
1.7737870376554876
1.221855695660909
1.5218519370714634
1.2081663817723591
1.5918748622607097
1.1953327149073283
1.8524347688884313
1.1787541913986206
1.5050613062783638
1.1674429354985556
1.5193548665192576
1.1492587217330932
1.7286490083956476
1.1467042511622112
1.65693632928497
1.1356067967732748
1.468008843452257
1.1178278682072957
1.9098463900874458
1.1098700453440349
1.5725016133400518
1.0911765492757162
1.458435736377581
1.0748642375310262
1.5308148368218737
1.078421873029073
1.3598275995569167
1.0568793676376342
1.6381083771219922
1.053222520828247
1.5346126031146194
1.0366323738098144
1.4678123434217805
1.0292718345006306
1.6474637949473856
1.019282603263855
1.5205253820327778
1.0029028595606486
1.4694665127624347
0.9979791561762492
1.6829385608702845
0.9900524430592855
1.6189509800400073
0.9731965524673462
1.590328714271184
0.9655903624216715
1.6060151624050267
0.9508669623374939
2.0727536725511646
0.9462923586845398
1.7173101742537922
0.9335546627680461
1.543772282182777
0.9243229353904724
1.4241693172185952
0.9135238201141357
1.6222280215988205
0.9025315145810445
1.5643699622540397
0.8978026038169861
1.5699062083535518
0.8872081754048665
1.79420498680339
0.868053843053182
1.6563976828610032
0.8669545300165812
1.702579291837975
0.8592929743448893
2.0841073259738083
0.8491646340370178
1.6728278991342234
0.8365864530245463
1.7296997921582675
0.827960499159495
1.8007753901518815
0.817903930346171
1.8806842002385236
0.806499383576711
1.5681812168240332
0.7962948654810588
1.6083966555821374
0.7863665740013123
1.457768234794699
0.774435035165151
1.5365840256678964
0.7631728196461995
1.3882016769482408
0.7575651575406392
1.4440767781492758
0.7414598416964213
1.4038677129762647
0.7399617656389872
1.6700813087361548
0.7278163850148519
2.0528470020703233
0.7026431321779887
1.9345761134943422
0.7019912010510763
2.1386227187240774
0.6937520821889241
1.6643669330294288
0.6841510475794474
2.0159647654257067
0.6751425889333089
1.4359912677803794
0.6616228413105011
1.416741933322768
0.6544585249582926
1.9407630720464641
0.6432695736885071
1.4680935479097188
0.6342731526374817
1.947174687048026
0.6201309466044108
1.5867847314335732
0.6064991502443949
1.9949249507569953
0.5952878598531087
2.0653086197397705
0.5861498608907064
1.676589850329609
0.5773227586110433
2.0954303429487156
0.5682619190533956
1.7479480960516423
0.5559333341916403
2.2234622793563767
0.5436601347764333
1.5886700337492354
0.5334692722638448
1.5731763906227163
0.5196359813054403
1.363597554472584
0.5008199831008912
1.8675138830208964
0.49823487895329793
1.5398349832043936
0.4907358179410299
2.038015146204005
0.47983051099777224
1.7625925272756804
0.47079788433710734
2.6166855014579053
0.46056772661209106
1.5057684903954345
