1.998202672513326
1.6211568637028668
1.3967007000605265
1.1953035093169049
1.0832403669993083
0.9768532090510303
0.8997284070968627
0.8437936653544535
0.7865881513913473
0.7616477015137172
0.7065318331082662
0.7005824985873148
0.6423638213793437
0.6525737228118952
0.5928594028155009
0.6204422836755662
0.5515986766179403
0.5960203158905496
0.5196494135538737
0.5731131065800008
0.48982873423894246
0.5529604241135739
0.46113167181015013
0.5336685910794144
0.4391925884723663
0.5227513567516027
0.41626081167856854
0.5093896342301769
0.3997558715661367
0.49594689134215625
0.37835641150474547
0.48890738495825004
0.36122447236378985
0.4832826631828633
0.34611249747276307
0.4721508781729019
0.3328322924296061
0.46481439233469835
0.3161638728459676
0.46030235643055567
0.302744321680069
0.45373507397362195
0.2900139612674713
0.448362940914558
0.2771668748696645
0.44318348090664383
0.26710196067492165
0.4369343852810897
0.25205240619182584
0.43362855334695255
0.24280849653879802
0.4309086164601491
0.23413708260854085
0.4294562390019383
0.22244259274800618
0.4284028618294247
0.21308112649917602
0.427713282464433
0.20638632281621297
0.4218261118913455
0.19497356171210606
0.41863520661437126
0.19019970277150472
0.421190934457962
0.18294929825464884
0.41537759121871665
0.1740653041521708
0.411238693232728
0.16267601601282755
0.41499480012475765
0.1563791276494662
0.412721060100221
0.15086425722440083
0.4124970660820362
0.14313107748031617
0.4102163912430093
0.1371842846552531
0.4137759046169835
0.1329116177280744
0.40443125372527955
0.12313166900475819
0.4022478901238662
0.11791326400438945
0.40559083134847695
0.11293212527434031
0.4051084423322626
0.10747303085327148
0.4053765725641638
0.10390375615755718
0.4060386986900221
0.09911163960297903
0.40469726281666296
0.09483033649524053
0.40480928461781934
0.09198916175365449
0.40696055030458045
0.08676589634021123
0.405307587422207
0.08247233576774597
0.41024909047806557
0.07879939985275268
0.4023933801632408
0.07562359685897826
0.40634169976154916
0.07518973209460576
0.40240573198336216
0.06928223901987075
0.41081232545829205
0.06665587085088094
0.4085766932316433
0.06444086579084396
0.4083956217579879
0.06258404250542322
0.40735196820546854
0.05986714136600495
0.41263369346416295
0.05671067094405492
0.4104845525085676
0.05506195692221324
0.4120850508298499
0.05324897476832072
0.4103638415001936
0.05177759652535121
0.41343931298664965
0.049779063657919564
0.4115600034943153
0.0469456772685051
0.4209813186345733
0.04590438927014669
0.4120237875079494
0.043631350580851234
0.41477443677405074
0.042974094158411025
0.4170372558162108
0.041313067533572514
0.4131240872995862
0.04042230907877286
0.4097957562813876
0.038798836437861126
0.4141382168851073
0.03727063698371252
0.41853711650839237
0.03485361683766047
0.410943669066432
0.034182928321758906
0.4216625786553476
0.03436992184321085
0.4230919232537236
0.03249902106324832
0.414680588563617
0.032125961552063625
0.41919601103668025
0.030723871937890848
0.4182653753438894
0.030096398877104122
0.4192868856233827
0.02926804466446241
0.42431686962516135
0.02728691050807635
0.4259830234330941
0.02678070247968038
0.4166830496725095
0.027407510725657145
0.42082084348200677
0.025237064838409425
0.4243935459144257
0.026167635254065194
0.430908815440262
0.02526697808007399
0.4221813776711897
0.023934608032306036
0.42464438940710697
0.02469997883637746
0.4233910314287336
0.022456495494643847
0.4235120179029947
0.022070790739854178
0.424644217382274
0.021696646016836168
0.4267155958923953
0.021548261523246764
0.4292797244946686
0.020663299737373988
0.43392967534193966
0.019829383873939514
0.4332367043001393
0.019403801693518956
0.4275642930209887
0.018917582629124324
0.4303127766799698
0.019112271428108216
0.4292023698137274
0.017869583082199096
0.42924588668396463
0.01839149980743726
0.4350566259028315
0.017699934264024098
0.4296661204539449
0.016421671586732068
0.4326265742002255
