0.3452
0.5338932213557288
0.6268
0.6775644871025794
0.7116
0.7339532093581284
0.7525333333333334
0.7570485902819436
0.7767333333333334
0.7798440311937612
0.796
0.7930413917216556
0.8091333333333334
0.800239952009598
0.8237333333333333
0.8086382723455309
0.8342
0.81373725254949
0.8428666666666667
0.8200359928014397
0.8512666666666667
0.8251349730053988
0.861
0.8335332933413316
0.8675333333333334
0.833233353329334
0.8748666666666667
0.8350329934013196
0.879
0.8380323935212957
0.8886000000000001
0.8413317336532693
0.8924000000000001
0.8425314937012597
0.8954000000000001
0.8467306538692261
0.8996666666666667
0.8491301739652068
0.9089333333333334
0.8494301139772045
0.9116666666666667
0.8521295740851829
0.9167333333333334
0.8521295740851829
0.9206666666666667
0.8545290941811637
0.9232
0.8590281943611277
0.9308666666666667
0.8575284943011398
0.9329333333333334
0.8566286742651469
0.9350666666666667
0.8626274745050989
0.9388000000000001
0.8608278344331133
0.9430000000000001
0.8611277744451109
0.9458000000000001
0.8602279544091181
0.9488666666666667
0.8656268746250749
0.9494666666666667
0.8647270545890821
0.9532666666666667
0.8632273545290942
0.9564
0.8659268146370726
0.9601333333333334
0.8635272945410917
0.9628666666666668
0.8647270545890821
0.9646666666666667
0.8653269346130773
0.9674666666666667
0.8677264547090581
0.9704
0.8674265146970606
0.9704666666666667
0.8674265146970606
0.9754666666666667
0.8683263347330533
0.9750000000000001
0.8686262747450509
0.9768666666666667
0.8710257948410317
0.9790666666666668
0.8698260347930413
0.9810000000000001
0.871625674865027
0.9818666666666667
0.873125374925015
0.9838
0.8740251949610077
0.9834
0.8722255548890221
0.9852666666666667
0.8710257948410317
0.9864666666666667
0.8707258548290341
0.9876
0.8740251949610077
0.9891333333333334
0.8722255548890221
0.9882000000000001
0.8737252549490101
0.9905333333333334
0.8713257348530293
0.991
0.8683263347330533
0.9927333333333334
0.8698260347930413
0.9917333333333334
0.8719256148770245
0.9923333333333334
0.871625674865027
0.9936
0.873125374925015
0.9942666666666667
0.8728254349130173
0.9945333333333334
0.8737252549490101
0.9944666666666667
0.8710257948410317
0.9954000000000001
0.8755248950209957
0.9961333333333334
0.8728254349130173
0.9958
0.8707258548290341
0.9964000000000001
0.8722255548890221
0.9955333333333334
0.871625674865027
0.9964000000000001
0.8740251949610077
0.9969333333333333
0.8755248950209957
0.9967333333333334
0.8743251349730053
0.9973333333333334
0.8725254949010197
0.9973333333333334
0.8755248950209957
0.9976666666666667
0.8737252549490101
0.9973333333333334
0.8728254349130173
0.998
0.8749250149970005
0.9980666666666668
0.874625074985003
0.9978666666666667
0.8770245950809837
0.9981333333333334
0.8752249550089981
0.9982666666666667
0.8734253149370125
0.9986666666666667
0.8743251349730053
0.9987333333333334
0.873125374925015
0.9982000000000001
0.8752249550089981
0.999
0.874625074985003
0.9984666666666667
0.8740251949610077
0.9989333333333333
0.8785242951409717
0.9988
0.8755248950209957
0.999
0.8770245950809837
0.9988
0.8758248350329934
0.9993333333333334
0.8758248350329934
0.9989333333333333
0.8749250149970005
0.9992000000000001
0.876124775044991
0.9987333333333334
0.8779244151169765
0.9995333333333334
0.874625074985003
0.9993333333333334
0.876124775044991
0.9993333333333334
0.8764247150569885
0.9994666666666667
0.8764247150569885
0.9996666666666667
0.8773245350929814
0.9995333333333334
0.8752249550089981
0.9994000000000001
0.8758248350329934
0.9994000000000001
0.8773245350929814
