2.2435890036265054
2.185708407949529
2.135396906979879
2.074065421395625
2.0466446298599243
2.004872105689412
1.9781448752085369
1.96418936151048
1.9231099508921305
1.9026589111861314
1.8720894459406534
1.8799079621560428
1.8367047845840454
1.8188216331552873
1.796712069384257
1.8318242506131341
1.763719073677063
1.825196943314546
1.731486725616455
1.771665441396355
1.6968386767705281
1.698772116771485
1.6686644048055013
1.8633976533302805
1.6433814921061198
1.9584867417919614
1.6173994758605956
1.6812954767063555
1.5907107217788696
1.8429684598930738
1.570151882425944
1.7859068393135185
1.5507840115865072
2.2242430962698148
1.5320182170232137
1.6271537501581714
1.5122536293029785
1.8086794828610573
1.4940568983078002
1.5639938984220445
1.4716291084925333
1.7718972155056676
1.4600790362040201
1.5878755961911866
1.4431033581415813
1.6262605420543395
1.4195363916397095
1.525336703928059
1.405375394376119
1.701550393027321
1.3910501713434855
1.542237600453542
1.3710796155929565
1.5133942204746
1.3540241124471029
2.4393521782589587
1.3428252425511678
1.5055786806019609
1.3230375137964885
1.8431522746821256
1.3082394521713256
1.6674568348826229
1.293709806251526
1.7129793882942086
1.2802424814860025
1.5438416011332035
1.263466862042745
1.618631252787681
1.2468123817443848
1.893173232647782
1.236221558189392
2.185368364058931
1.222228210067749
1.4994251730203199
1.2098409179051717
1.5215908497768602
1.194159482383728
1.4649193919770505
1.188375257619222
2.8771137696365146
1.1708328289667764
1.453486468667532
1.159381485303243
1.8553062866888292
1.1450771156311035
2.0097076188824317
1.1342574846903484
1.506912272707316
1.1233675658543905
1.5677385267985389
1.1158464004516602
1.8002838810976207
1.1035238677342734
1.634507653451495
1.08562666943868
1.4925810331059703
1.0779705923716227
1.7565414103906742
1.0635216030756633
1.3332148787856604
1.0593630277633668
1.6323299869206684
1.043052323404948
1.841774771724122
1.0303721704483033
2.0048522236966484
1.0202077202479045
1.5314958357281792
1.0128622455279033
1.394449794514135
0.996726114877065
1.3819775437622208
0.9901517550786336
1.5266323313429888
0.9823541610399882
1.5347300115715763
0.9637387055079142
1.451016388471497
0.9621560208638509
1.3898889408471988
0.9454029547373454
1.705300210654986
0.9394102581977845
1.5571625289547995
0.9288449420293172
1.4778506051442832
0.9216219354629517
1.286955989472653
0.9104780922571818
1.8080972512467721
0.9001699940999349
2.006027764164193
0.8916853396097819
1.6899474778429935
0.8813401810963949
1.473746157150177
0.8619626066843669
1.7943891178867957
0.8503034259796143
1.2537928009791222
0.8464182856559753
2.2965356278147753
0.8374026242256165
1.6635054455735974
0.8318050164540609
1.3713605309147712
0.8107042556762696
1.654760529198329
0.806281306997935
1.6401744127702627
0.7976666553497315
1.7986976531857706
0.793951848602295
1.4705737429460366
0.7739038914998373
1.9220657889258024
0.7688831846872966
1.5349087188110855
0.7598954634348551
1.3503965017104764
0.7435508244991302
1.2978636546984503
0.7327900664329529
1.3716136004013721
0.7253047657330831
1.275611757624271
0.7183752033551534
1.4834392842376882
0.7030593495686849
1.8164458505107604
0.6922168334007264
1.4892183794686376
0.6846990617434183
1.989949018925196
0.6680605832735698
1.4476526481488827
0.6675396853764852
1.4567946661855906
0.6579703989664714
1.6348117523445078
0.6394458858013153
1.427095714127438
0.6316511638323467
1.5982349894686094
0.6212481204986572
1.6848328322368822
0.6051954732577006
1.5067372292762897
0.5965816891034444
1.4464896835820291
0.5903174693107605
1.4518904210781722
0.5756844268798829
1.460244564503771
0.5675663073857625
1.7293287569273712
0.5534049123446146
1.4146398958790853
0.5391343637148539
1.4708942362271031
