0.1642
0.20785842831433712
0.2306666666666667
0.24115176964607077
0.2604
0.2741451709658068
0.29000000000000004
0.288242351529694
0.30906666666666666
0.3038392321535693
0.32353333333333334
0.3251349730053989
0.3423333333333333
0.3281343731253749
0.3578
0.34193161367726455
0.3766666666666667
0.3557288542291541
0.389
0.3704259148170366
0.3978666666666667
0.37642471505698855
0.40453333333333336
0.391121775644871
0.4176
0.3980203959208158
0.4228
0.40281943611277743
0.4350666666666667
0.41481703659268143
0.4391333333333334
0.41151769646070785
0.4498666666666667
0.42561487702459505
0.46033333333333337
0.42321535692861423
0.4650666666666667
0.41421715656868624
0.4714666666666667
0.42681463707258543
0.47733333333333333
0.4415116976604679
0.4864
0.36592681463707255
0.4938
0.44961007798440306
0.501
0.43041391721655664
0.5031333333333333
0.44031193761247744
0.5095333333333334
0.4697060587882423
0.5144000000000001
0.4667066586682663
0.5204666666666667
0.43971205758848225
0.5259333333333334
0.4700059988002399
0.5352
0.4661067786442711
0.5365333333333333
0.4571085782843431
0.5434666666666667
0.4769046190761847
0.5481333333333334
0.4688062387522495
0.5537333333333334
0.4784043191361727
0.5597333333333333
0.4400119976004799
0.5680000000000001
0.49280143971205753
0.5674666666666667
0.4643071385722855
0.5744666666666667
0.4652069586082783
0.5788666666666666
0.47750449910017995
0.5866666666666667
0.48680263947210556
0.5992000000000001
0.4688062387522495
0.5951333333333334
0.5380923815236952
0.6066666666666667
0.5221955608878224
0.6078
0.5317936412717456
0.6159333333333333
0.5182963407318536
0.6195333333333334
0.47660467906418713
0.6246
0.5089982003599279
0.6355333333333334
0.48800239952009594
0.6355333333333334
0.538992201559688
0.6428
0.5431913617276545
0.6511333333333333
0.45320935812837426
0.6549333333333334
0.5428914217156569
0.6603333333333333
0.47600479904019194
0.668
0.44181163767246545
0.6747333333333334
0.5323935212957408
0.682
0.4799040191961607
0.6797333333333334
0.520995800839832
0.6911333333333334
0.5671865626874625
0.6951333333333334
0.5275944811037792
0.6995333333333333
0.5644871025794841
0.7092666666666667
0.52999400119976
0.7117333333333333
0.549490101979604
0.7154
0.5587882423515297
0.7266666666666667
0.511997600479904
0.7289333333333333
0.48830233953209357
0.7381333333333334
0.555488902219556
0.743
0.5563887222555488
0.7493333333333334
0.5392921415716856
0.7584000000000001
0.5581883623275344
0.7637333333333334
0.5692861427714456
0.7668
0.5242951409718056
0.7810666666666667
0.5047990401919615
0.7826000000000001
0.5233953209358128
0.7872666666666667
0.5629874025194961
0.7962
0.5605878824235152
0.7959333333333334
0.538992201559688
0.8095333333333333
0.5488902219556089
0.8165333333333333
0.5053989202159568
0.8238666666666667
0.5725854829034193
0.8270000000000001
0.5530893821235753
0.8350000000000001
0.5497900419916016
0.8380666666666667
0.5632873425314937
0.8474666666666667
0.5788842231553689
0.8519333333333333
0.5305938812237552
0.8579333333333333
0.52999400119976
0.869
0.5713857228554289
0.8736666666666667
0.5356928614277144
0.8814666666666667
0.5101979604079184
0.8873333333333334
0.5032993401319735
0.8902666666666668
0.543491301739652
0.8957333333333334
0.5659868026394721
0.9052666666666667
0.5914817036592681
0.9114666666666668
0.5644871025794841
0.9124666666666668
0.5740851829634073
0.9199333333333334
0.5527894421115777
0.9264
0.5071985602879424
0.9290666666666667
0.5341931613677264
0.9316000000000001
0.4748050389922015
0.9388000000000001
0.5803839232153569
0.9417333333333334
0.5617876424715057
