2.1266468132019045
2.5332778833122687
1.5794002611160278
2.1667474941643827
1.2123024669965108
1.5591141776403554
0.9483659244855245
1.1772804595999327
0.7505520052274068
2.4694198845529813
0.5876268059889476
1.0316319582915692
0.42645988896687825
1.3801168824786831
0.30600187584559124
1.3386170596653069
0.22419338331222535
1.9430828401265776
0.16579904954830804
1.818902764838115
0.14048350840210916
1.4891302745071942
0.1054297773361206
3.8719458805277593
0.11280809077620506
1.805337533882155
0.09950361111561458
2.2842892928436695
0.08545324445962905
2.2579431581010914
0.08792822661598523
2.0260534101999945
0.06838908634583156
1.552818073937474
0.06986613245805104
2.017792251486226
0.0716620227754116
2.0231701954439436
0.059523722293476265
3.7321799789707892
0.06249592666725318
1.6582048489222214
0.05539865824530522
1.8727054086429455
0.05606880462740858
1.8118688094093904
0.05349250121514002
1.9280932880692234
0.055580149508515996
1.8612270571546206
0.04182247934217254
2.199794760991802
0.04512867680216829
1.60636523131775
0.04418394976258278
1.5429564591521765
0.044173245892425377
1.7451141923219056
0.044353079578528805
1.937159719478605
0.03798701682239771
1.6630878396640656
0.03788254437819123
1.9766739178504784
0.03224028723450999
1.5970695593718933
0.03823469044975936
1.6014456299491713
0.032990135818719867
1.8508090864918372
0.035628150780374804
1.4442772300356366
0.02880685277705391
2.199936762686772
0.036019747021049264
1.7260597927812051
0.028564547172685466
2.520746306022914
0.03648345183469355
2.050982439525126
0.028199316956102848
2.135379627498954
0.03304833945035934
2.428664119642655
0.02817681791940704
1.6569391290585151
0.02757779487737765
1.8230109673885078
0.030084600509703158
5.355651520795999
0.027737049563555046
2.0562639802819467
0.023911401161924004
3.452481164571834
0.024791486100076386
7.256566599735473
0.026952851732385655
1.8007617888510692
0.028502541390806435
1.896759662985015
0.017550296830013395
1.8985629606618808
0.024859404274603973
2.183147569080277
0.02574581190630173
2.0779568320045265
0.023415183926622073
2.5875082582360482
0.024023746456826728
2.3510433975350162
0.016531686910738547
3.2293039444112175
0.02456384112755768
1.9352717243702595
0.021542003600501146
2.3475956496322805
0.02118595422062402
1.7580403724543405
0.019773039454904696
1.834134167801068
0.024160167841768512
2.2778281260194646
0.014245165020483546
2.166031646635551
0.01829262821067435
1.9821603293181467
0.02198073081324498
2.3993730259004358
0.019134316306211985
2.44686935598005
0.01888638146102118
2.0379071804171347
0.017360199169605038
2.233116738761909
0.017571026201189187
2.331540545948122
0.014203054281199971
3.0945700582230815
0.020263115122828943
1.9281679067914903
0.015979447979014367
3.354841055809987
0.02108380685832041
1.8639511688783916
0.0174516104899114
1.9329300361099397
0.014029313452603916
2.1802304273032114
0.010772332671765859
3.3934577814318425
0.01959982294322302
2.281319527405783
0.017920602175453677
2.1722858365863003
0.01564178515616028
2.054331376585477
0.018106677215204883
1.8920763502703073
0.016718350429895022
3.0182970904560236
0.017159943456854673
2.0867532305754652
0.01717453370258833
1.9918906813586297
0.014964190635938818
2.0354237560748194
0.012707430498907343
2.17334750822081
0.016857451055924563
1.9650578942925327
0.015949309504086462
2.1400981202551757
0.01022649823713582
1.934971009636433
0.012801497912979297
2.7394251294956997
0.010813643585261889
2.3846520289161925
0.015631069317964527
2.0889469869278403
0.010511931361805182
2.1689975128677266
0.012742207485743954
2.0257706770156054
0.012312461012272008
2.5975232595230335
0.014330889359974147
2.3334771663611993
0.009947408439657496
2.285576020162407
0.014525179145516208
2.5612949915967733
0.012070614245532003
2.179467324160786
0.009964260713073115
2.0744680972891647
0.014544458197623802
2.0720804991411748
0.013138172042332977
2.1458393753683347
