2.141738815689087
2.0193497091263586
1.9752397433598836
1.9097123743891358
1.887063820584615
1.8484087229204091
1.8219130858103434
1.802945678149717
1.7632243698120118
1.8604447075043458
1.7157952264785767
1.8417220050586365
1.670663472557068
1.7851991134985665
1.6370070890426636
1.7785658638993638
1.6057762946446736
1.7403909874019612
1.571125860786438
1.6152976717002103
1.5505693980534871
2.0434604391911533
1.5211872004826863
1.694116856426841
1.4964311955769858
1.9907103053952808
1.4707024048487345
1.6049052123617253
1.4487711048762004
1.5800305673585513
1.4327818867365518
2.2305607702035566
1.4092798453648885
1.5836672596968644
1.3904213256200155
1.6555537319354976
1.3733467036565146
2.2908387208456897
1.3557552532831827
1.54331518206399
1.3379488931973775
1.4738742335513457
1.3145054873784383
1.5113675907549202
1.3008229675292968
1.6572465660619249
1.2860530652999878
1.6354672105353825
1.2667020362854005
1.637039476836879
1.2528546836853027
1.5310251354527602
1.2382111053148905
1.370268569782099
1.218835627746582
1.5549224669445612
1.2036602294603984
1.5886162060352593
1.1935472777048746
1.5728084582658892
1.1764956605911254
2.0297946356411245
1.1683323593775432
1.9552302771009367
1.1450873135884603
1.602091659524159
1.139593614323934
1.6428049844971802
1.1233246123313905
1.360123657007452
1.1082066290537516
1.4551722662278685
1.0916532852490743
1.348154831876566
1.0841857708613079
1.7603317095122082
1.0704635957082114
1.5842013016530834
1.059152285893758
1.4087988421383488
1.0464450407346089
1.3049924048250423
1.0337841453552246
1.3638837285290668
1.0170185178438822
1.3149615379243678
1.009127797571818
1.310596357224298
0.993793813419342
1.3717415650304234
0.9802615662256876
2.2039899183878586
0.9769347084999085
1.3051828482441368
0.9616856069882711
1.5015352947953653
0.9476016162236531
1.6544318572088996
0.9436303209304809
1.584403705439599
0.9293367189407349
1.68615074177738
0.9117175137837727
1.3186828198372853
0.9013834379514059
1.4745945769580595
0.8942192873001099
1.4828257878955138
0.8826469615936279
1.2837759304275467
0.8652825220425924
1.4341587883738178
0.8630357421875
1.405199340094902
0.8518045567830403
1.4109247237819358
0.8329121402104696
1.7737136706665166
0.826736894162496
1.6196717939193763
0.8179133277257283
1.6792169705650086
0.8017122910817465
1.3235373579962353
0.7908304489771525
1.6719591394469062
0.7818686525980632
1.7736889133928204
0.7664959936777751
1.403314934673607
0.7610535676002502
1.275450492949277
0.7490543083508809
1.490819989168937
0.7428473049799601
1.337838770174737
0.7254170237541199
1.8749517768031476
0.7113597063382466
1.304886999713781
0.703649997806549
1.5426296141595275
0.6958005265553793
1.216544784073638
0.6824721797625224
1.1827604045536109
0.6664721139589945
1.6404683559900568
0.6536354922771453
1.6128096458221097
0.6428564736684164
1.3396117657190607
0.6360530755360921
1.2976266308751876
0.6228651406288147
1.5562405150739032
0.6097802995999654
1.5625790690832246
0.6036395102183024
1.4645790646872838
0.5857984800497691
1.3218148390404394
0.5743328081448873
1.5275088555811405
0.5619462166786194
1.4291080939390735
0.5511103545983632
1.5261981998579761
0.5315596324920654
1.3241506103419514
0.5286359799544017
1.6310156796532043
0.5177302325248718
1.2049443769683792
0.49864885228474937
1.2248659040588923
0.4890434755007426
1.772941976660515
0.48424658886591593
1.4813739042047547
0.4646477869351705
1.2740021475647192
0.4632006395022074
1.683245470585334
0.4440584648132324
1.3582600674088585
0.4304846888224284
1.8467154786053288
0.42298566659291587
1.5338458550069314
0.40847526547114055
1.5829715969037639
0.39315857119560244
1.5548544171046697
0.3864381497224172
1.4855569541704605
0.37295762209892275
1.3355814727145037
0.36285305743217466
1.3479343707073785
