0.1208
0.11457708458308337
0.14973333333333333
0.15296940611877624
0.16740000000000002
0.16376724655068986
0.1844
0.17996400719856026
0.19666666666666668
0.20935812837432513
0.21213333333333334
0.2108578284343131
0.23953333333333335
0.23365326934613076
0.25753333333333334
0.24955008998200356
0.2682
0.2561487702459508
0.2793333333333333
0.2606478704259148
0.2890666666666667
0.2690461907618476
0.29686666666666667
0.27804439112177565
0.3000666666666667
0.29964007198560283
0.3038
0.289742051589682
0.3068
0.29994001199760045
0.3166666666666667
0.3059388122375525
0.3252
0.31253749250149965
0.3302666666666667
0.30683863227354524
0.33213333333333334
0.31553689262147566
0.3383333333333334
0.31133773245350926
0.33953333333333335
0.34193161367726455
0.34240000000000004
0.3380323935212957
0.34833333333333333
0.3296340731853629
0.3582
0.3362327534493101
0.3598
0.3380323935212957
0.36086666666666667
0.32333533293341327
0.3718
0.3275344931013797
0.3758666666666667
0.36322735452909416
0.3842666666666667
0.34613077384523094
0.3914
0.3599280143971205
0.39593333333333336
0.37102579484103176
0.40193333333333336
0.38152369526094776
0.4034666666666667
0.3698260347930414
0.4078666666666667
0.3860227954409118
0.41753333333333337
0.380623875224955
0.42260000000000003
0.34883023395320933
0.42433333333333334
0.380623875224955
0.43293333333333334
0.37672465506898617
0.4316666666666667
0.3860227954409118
0.43853333333333333
0.3935212957408518
0.43993333333333334
0.41841631673665264
0.4512666666666667
0.42111577684463103
0.4544666666666667
0.41001799640071984
0.45613333333333334
0.392621475704859
0.4640666666666667
0.41511697660467906
0.46553333333333335
0.4400119976004799
0.4726
0.3341331733653269
0.4770666666666667
0.43551289742051585
0.4792666666666667
0.44601079784043185
0.48053333333333337
0.4130173965206958
0.4904666666666667
0.41841631673665264
0.48886666666666667
0.44541091781643666
0.4915333333333334
0.3863227354529094
0.49793333333333334
0.46820635872825433
0.5035333333333334
0.419616076784643
0.5068666666666667
0.43491301739652066
0.5104000000000001
0.386622675464907
0.5142666666666666
0.4520095980803839
0.5160666666666667
0.42441511697660467
0.5213333333333333
0.4358128374325135
0.5214
0.44961007798440306
0.5294
0.48950209958008395
0.531
0.4508098380323935
0.5336000000000001
0.4814037192561487
0.5405333333333333
0.3983203359328134
0.545
0.4769046190761847
0.5486666666666667
0.49370125974805035
0.5556666666666666
0.4508098380323935
0.552
0.48110377924415115
0.5486
0.44691061787642467
0.5630666666666667
0.5065986802639472
0.5617333333333333
0.4856028794241151
0.5674666666666667
0.5026994601079784
0.5708666666666667
0.4649070185962807
0.5728666666666667
0.4877024595080983
0.5783333333333334
0.4778044391121775
0.5776
0.5200959808038392
0.5844
0.52249550089982
0.5908666666666667
0.5056988602279544
0.5938
0.4130173965206958
0.5970666666666667
0.5137972405518896
0.6009333333333333
0.4784043191361727
0.6006666666666667
0.3251349730053989
0.6076
0.49010197960407914
0.6070666666666666
0.5413917216556688
0.6124666666666667
0.5176964607078584
0.6172000000000001
0.5173965206958608
0.6194666666666667
0.5272945410917816
0.6218
0.4841031793641271
0.6213333333333334
0.5140971805638872
0.6312
0.5332933413317336
0.6334666666666667
0.5287942411517697
0.6384000000000001
0.5167966406718656
0.6434000000000001
0.5347930413917216
0.641
0.5392921415716856
0.6497333333333334
0.511997600479904
0.6459333333333334
0.540491901619676
0.6484
0.5146970605878823
0.6548
0.5491901619676064
0.6568
0.5251949610077984
