2.2934726978302002
2.2831579087090907
2.2579266137441
2.256356545530112
2.240975662358602
2.235734881579554
2.224562410736084
2.2227359465946317
2.2063712487538654
2.188150348674772
2.1812802441914876
2.172266591431927
2.1374514050801596
2.1079155195238495
2.083890681584676
2.062228003374888
2.048863851674398
2.0436486040823603
2.021287654368083
2.0114971160459603
1.9962656358083088
1.9947919533076799
1.9750948026657105
1.9808679465126262
1.961126822980245
1.9552057000356444
1.9462704586029054
1.9425987613079572
1.9328624839146933
1.9355714395508197
1.917141518719991
1.9092773001710313
1.902201943397522
1.9113820701140305
1.893484618695577
1.9017782054694026
1.8795880460739136
1.8863733010729702
1.8674578373591104
1.8816774552928235
1.85745101629893
1.857175474833355
1.845758124287923
1.841408976982222
1.8340076241175334
1.8430506743280632
1.8174702549616495
1.8366699664980335
1.8035110382080077
1.8272986405612326
1.7961279300053914
1.8707286060106705
1.77783037331899
1.8762692518411601
1.7647226821899413
1.7984471672941413
1.7525788162867229
1.8178869046060784
1.7379424131393433
1.7746965119276636
1.7272332481384278
1.7573084929208236
1.7102903654098511
1.7464313057274181
1.697315989112854
1.7855222029248325
1.6854815380732218
1.7431741727635612
1.6749931627909342
1.731289447676871
1.6591067393620809
1.8732970189962403
1.6491496067682903
1.746259468933316
1.6311291887919108
1.7630112392858037
1.6217409468968709
1.7292743793989844
1.6096450251897176
1.7319627508261852
1.5965408050537109
1.6565256885375244
1.5849493222554525
1.6564762640943338
1.5666159841537475
1.6790107846546116
1.5615494318644205
1.7690269979947186
1.5446385848999022
1.6449403985217437
1.533840703646342
1.6321023709772586
1.5218854855219524
2.0198966847541593
1.5129139647801717
1.6242338940992853
1.5006422689437866
1.588758629385268
1.493325229771932
1.7184856797523247
1.4765349491755169
1.682439002650329
1.4697461547851562
1.615496601826714
1.4603910437901815
1.8033367750096907
1.4487932800928751
1.5380992734939951
1.4352523631413778
1.6743580762969568
1.4239823936462401
1.6792470580028358
1.4140057439168294
1.8502926708483454
1.3994750210444133
1.5901294792921299
1.402583012008667
1.7678308530560352
1.3866043849309286
1.651386548604662
1.376076435025533
1.6323833557110599
1.3623488081614177
1.49390652820459
1.3534199608484905
1.673530698108616
1.3469225392023723
1.5142193827431718
1.331052400525411
2.0180822211107095
1.3209896408716837
1.5300004824808278
1.3111075800259908
1.5020447967291308
1.2964597414016723
1.6517474245152648
1.2967051632563273
1.5255338300397172
1.2886734567642213
1.6520928544202964
1.2750621189117433
1.456278030859473
1.2695281811396282
1.511414971906551
1.2519129509607951
1.470044693334702
1.2447278282165528
1.6428371243084985
1.235522498703003
1.5283642481670596
1.228923945871989
1.58365275277731
1.2198390951156617
1.4103655504765593
1.2111459329605103
1.4073252120487119
1.1929804604212444
1.4754068082724778
1.1878253034591675
1.8147306670381698
1.1751411500930786
1.4250609905832745
1.1600988080978394
1.5779813244876277
1.160393202527364
2.5727458460715695
1.1475061208724975
1.5915493333346842
1.1403589337031046
1.361974768175218
1.1280820891698202
1.453157544350581
1.1230992393493653
1.4104750375942192
1.1097722950935365
1.4067889561392837
1.1004527242660522
1.5927599419643583
1.0969684350967408
1.4802568592421652
1.0802856945673625
1.371567136667843
1.0717080012639364
1.426787970233407
1.0682410387674968
1.4464382419488926
1.051972845395406
1.3867893942688208
1.0462218088467916
1.358202752554996
1.0324663343747458
1.4917730375471843
1.0291333494822184
1.3579790939380827
1.0199408442179363
1.5181293900168864
1.0157859253247579
1.3413465161415081
1.0027889771143594
1.4405162301546954
