0.13306666666666667
0.14067186562687461
0.17393333333333333
0.1856628674265147
0.1996
0.23035392921415715
0.2336
0.24955008998200356
0.25933333333333336
0.2660467906418716
0.2712
0.270245950809838
0.2803333333333333
0.29004199160167965
0.29553333333333337
0.29514097180563886
0.3022666666666667
0.30713857228554287
0.31433333333333335
0.31043791241751645
0.32253333333333334
0.30503899220155967
0.32733333333333337
0.3185362927414517
0.33853333333333335
0.3350329934013197
0.35000000000000003
0.34613077384523094
0.35733333333333334
0.3335332933413317
0.3630666666666667
0.3401319736052789
0.3738666666666667
0.3362327534493101
0.3844
0.37312537492501496
0.39353333333333335
0.3839232153569286
0.4002
0.3260347930413917
0.4090666666666667
0.3812237552489502
0.4136
0.38512297540491897
0.42360000000000003
0.40491901619676063
0.42913333333333337
0.3869226154769046
0.43560000000000004
0.24205158968206356
0.4392666666666667
0.29634073185362925
0.44520000000000004
0.38002399520095975
0.4537333333333334
0.30833833233353325
0.4562666666666667
0.3215356928614277
0.46253333333333335
0.3944211157768446
0.4740666666666667
0.3863227354529094
0.4718666666666667
0.404619076184763
0.48160000000000003
0.4550089982003599
0.4829333333333334
0.4295140971805638
0.4892
0.44271145770845827
0.4972666666666667
0.4595080983803239
0.5008
0.3479304139172165
0.5005333333333334
0.4541091781643671
0.5121333333333333
0.45260947810437907
0.5138
0.43101379724055183
0.5204
0.35452909418116374
0.5301333333333333
0.4430113977204559
0.5289333333333334
0.48590281943611274
0.5378666666666667
0.3878224355128974
0.5362666666666667
0.42621475704859024
0.5425333333333333
0.45320935812837426
0.5458666666666667
0.48950209958008395
0.5484
0.4664067186562687
0.5558000000000001
0.4814037192561487
0.5634666666666667
0.4217156568686262
0.562
0.28914217156568683
0.5669333333333334
0.5002999400119975
0.5744666666666667
0.4553089382123575
0.5758
0.5086982603479304
0.5804
0.5155968806238752
0.5881333333333334
0.45110977804439106
0.5922000000000001
0.5050989802039592
0.5944666666666667
0.4667066586682663
0.5974666666666667
0.4850029994001199
0.6006
0.43911217756448706
0.6065333333333334
0.48440311937612474
0.6076666666666667
0.531493701259748
0.6116
0.43281343731253746
0.6179333333333333
0.5308938212357528
0.6261333333333333
0.5002999400119975
0.6244000000000001
0.526994601079784
0.6327333333333334
0.5470905818836233
0.6339333333333333
0.5293941211757648
0.6361333333333333
0.5173965206958608
0.6396666666666667
0.520995800839832
0.6485333333333334
0.5251949610077984
0.6486000000000001
0.5005998800239951
0.6500666666666667
0.5386922615476905
0.6607333333333334
0.5398920215956808
0.6618666666666667
0.44181163767246545
0.6633333333333333
0.5044991001799639
0.666
0.20395920815836832
0.6722666666666667
0.5113977204559088
0.6768666666666667
0.5236952609478104
0.6778000000000001
0.5332933413317336
0.6794
0.4580083983203359
0.6896
0.5473905218956209
0.6906666666666667
0.51499700059988
0.6972
0.5332933413317336
0.7016
0.5383923215356928
0.7001333333333334
0.4517096580683863
0.7074
0.52249550089982
0.7109333333333334
0.5548890221955608
0.7112666666666667
0.5728854229154169
0.7192666666666667
0.5716856628674265
0.7225333333333334
0.5437912417516496
0.7306666666666667
0.546490701859628
0.7312000000000001
0.4976004799040192
0.7317333333333333
0.5311937612477504
0.74
0.532993401319736
0.7419333333333333
0.5302939412117577
0.7467333333333334
0.4820035992801439
0.7530666666666667
0.5596880623875224
0.7563333333333334
0.5740851829634073
0.7555333333333334
0.5059988002399519
