2.2990091559092205
2.2708311904742464
2.2506947106679283
2.2403589034409457
2.221425575129191
2.2020296102236614
2.1736200247446695
2.147987113287868
2.1158451392491657
2.0951677550079584
2.075972797520955
2.0582508929990047
2.048931368573507
2.035399590413872
2.0215244875590006
2.018416580212781
2.0019760405858356
1.9780974396703912
1.982734752337138
1.970458905569579
1.9637618602752684
1.9571709538478657
1.9468057125091554
1.9271488569422117
1.933430029042562
1.9230180425277783
1.9173566011428833
1.904399551312653
1.9043329933166504
1.8823111110914947
1.8856900159200032
1.8728031052324539
1.875882783762614
1.874769438221273
1.8598617195129394
1.8342020896357838
1.8496168747584025
1.8530757476558353
1.8302809456507365
1.8263985525725055
1.8181032291412353
1.813934289272059
1.804304697227478
1.8028469503319184
1.7894265096028645
1.7963618946847761
1.7751552534103394
1.9668838723233595
1.7627127183914184
1.836349510617362
1.7389293341954548
1.8934519154337544
1.7337531448364258
1.7477890985342437
1.710918691444397
1.858398748574031
1.6981382127761842
1.7559176907256182
1.6839255259195964
1.7053950635272725
1.6700128290176393
1.9428170650535954
1.6596372856140136
1.7573686626476661
1.642139635403951
1.7513797050760975
1.6275444548924765
1.6894882679271641
1.616343708229065
1.6546385124477714
1.6018287261327109
1.6552890121543486
1.5804247611999511
1.8546793823408094
1.5742392995198569
1.813553092360997
1.5586548683166503
1.6172059900258642
1.5430716461181642
1.59655445410094
1.5326643601735432
1.6482760305524802
1.5241868576685587
1.6476311968984758
1.5089153479894002
1.629372818246886
1.5000362869262696
1.8027636983398914
1.4865868619918823
1.5604776017095203
1.474464153989156
1.6392796086778738
1.4600945561726888
1.5929262361343421
1.447766500790914
1.6421529082531119
1.4396807247797647
1.7712399771489564
1.427535603650411
1.5218415266035843
1.418747922706604
1.5211737066525217
1.4023972557703654
1.5130846947342176
1.390059764099121
1.5621354283868873
1.3831939102172852
1.5912674800607354
1.3754520961125691
1.5657446946150968
1.361867311223348
1.516198784345342
1.3468520897547405
1.6794768172463186
1.3348397157669067
1.5202897744187354
1.3310132667541503
1.4672584358488792
1.319283859316508
1.5105051864888328
1.3048015040079752
1.4649875630285472
1.2978010258992514
2.078922371415228
1.2857425565719605
1.4649159655144777
1.269195095761617
1.5469682901007156
1.2636603045781454
1.5066351245532297
1.2510298824946087
1.5823989660352307
1.2419711852391562
1.4644530922192331
1.2317812724431356
1.5247178566834851
1.2235584386825562
1.7792954195668473
1.2117263741175333
1.662521844326413
1.1982299340565998
1.4428198648628963
1.1890768132209777
1.433356289385891
1.1828462137858073
1.428711712181604
1.1646225334167482
1.559858212159219
1.1599194005966187
1.3806089660544987
1.1470662719726563
1.4338017782195285
1.1399426133473713
1.489310788407466
1.119287408955892
1.4803198772629507
1.1186519357045492
1.5706834594289485
1.1091218111038208
1.4253465080947738
1.0980678607622782
1.3500837477367655
1.0803668635050456
1.4819532772989852
1.0769192023595173
1.3973506190638094
1.0648403653462728
1.7545965009630977
1.0570372559865315
1.465140693475189
1.0411009846369426
1.335708975505886
1.0353323912938437
1.4419825713507202
1.0267845785140992
1.4084404410898292
1.017481019973755
1.511571290325675
1.0045620068868002
1.4374425170946492
0.9909760819753011
1.35695791366076
0.9857529909133911
1.3547412427013765
0.9782962803204854
1.5879904686081674
0.9650003549257914
1.466694247672568
0.9600792042414348
1.5723003966406426
0.9412028392155966
2.1924897578925377
0.9353345238049825
1.3290676290429704
0.9196436236699422
1.4087654087953962
0.9189340422312419
1.360274779489102
0.9045600635210673
1.3283449050975404
