2.2891784205118815
2.272107028646532
2.246776467259725
2.228044928657701
2.2088728616078694
2.186351231922271
2.153657434463501
2.105651003769507
2.0889767925262452
2.054443790158899
2.04171313234965
2.017230797900936
2.009259099706014
1.9910141221763278
1.981148731168111
1.954709818853757
1.954839249674479
1.9293455318841093
1.9341849329630534
1.9170226807642927
1.9144630922953287
1.9215811654773385
1.8984165712356567
1.8876592894121067
1.8744593053181966
1.8592951960669497
1.8561679604212442
1.8374023934503336
1.830685523033142
1.837156379230021
1.8099478342692057
1.832890762922359
1.7899072845458985
1.8372886087913032
1.7655811155319214
1.76852438674405
1.7445440533955892
1.7421699329701168
1.7252534870783487
1.8808374736719526
1.7102609247843426
1.7423964670910117
1.6944921966552735
1.7563676656758491
1.67187635084788
1.6967283007479315
1.6543005938212076
1.7630027252968443
1.6371697776794434
2.674430936843103
1.6245967399597168
2.0935704478548183
1.603616071510315
1.749520771290345
1.5849483541488647
2.044656225357788
1.5716473405838012
2.029126088706476
1.555355645052592
1.7366767346537177
1.5340737515767415
1.7652957763726222
1.5242040417353313
1.7311000805381678
1.5064160168329874
1.5639282147471034
1.4909096551895142
1.6680029029251218
1.4754146519343059
1.6374221166308653
1.457824066543579
1.5691761107378972
1.4503610876083375
2.12947351287494
1.4390239226341248
1.5813899921956145
1.418704819170634
1.601274500010467
1.4050539283752441
1.7014968990206933
1.3930940782546997
1.9849578682076237
1.379123200416565
1.6150911650260051
1.3679803351720174
1.5093661081168777
1.3516459029515584
1.8748288309066397
1.3416028642654418
1.7519528693472044
1.3266249007542927
1.635121462083392
1.3201569659550985
1.483226708187339
1.304451393953959
1.586691374755864
1.288868571917216
1.555296328729974
1.276929756863912
1.7672071564891199
1.2707366961797077
2.6062697042014404
1.2574339935302734
1.4736858207305605
1.2446525863647462
1.650406152027842
1.2369619274775188
1.441248558993531
1.2204957015991211
1.4308534889930584
1.206502840900421
1.740572913506822
1.189165318552653
1.4538936434066718
1.1867815658569336
1.6641254825511949
1.1746427237828572
1.5087366111992215
1.1574791461308798
1.8937109156003882
1.1544386257807413
1.559627274445738
1.1431585344632467
1.4006974968140755
1.1369666597366332
1.7327555523851208
1.1146362341562908
1.4193681678016814
1.1048710580190022
1.5226781795177906
1.0964589905420938
1.438222241494637
1.0796459920247397
1.3957882681934148
1.0749036854426066
1.3811730306593328
1.0681726718902589
1.4689764352208066
1.0527198793411254
1.4591677233210278
1.0365873458862305
1.4170249125595642
1.0337861561457315
1.5048199339261938
1.022384794807434
1.3679393496639227
1.0072477597236633
1.3844894874432019
0.9996460217158
1.8983109333447947
0.9878681516011556
1.4949160617271726
0.9846022566477458
4.826508064218531
0.9690428308169047
1.5139655784067452
0.9590471534729004
1.4500227877674663
0.9502701981226603
1.4522065847808183
0.9363295962015787
1.937850992337772
0.9242109680175781
1.4265398392079474
0.9140293042182922
1.5530407934326145
0.900635375436147
1.43210046936383
0.891898982779185
1.414159568899323
0.8837771735509237
1.8298646926021747
0.8720960747083029
1.4974261015278176
0.865449735101064
1.4256904018304273
0.8516126036008199
1.3012106114686715
0.8400473286628724
1.2941118599629073
0.8315505887031556
1.4419893971730937
0.8096670569101969
1.3983926498468007
0.8064869302113851
1.6403072566848782
0.8000597933133443
1.4461773879240571
0.7809491283416748
1.470233626391048
0.772012520980835
1.4824027153068342
0.7553187198638917
1.6556993611358066
0.7478195193290711
1.3567879156002258
0.7393195274670918
1.2980607637904258
0.73244372326533
1.6401690295447686
