0.12300000000000001
0.15536892621475704
0.17
0.18266346730653868
0.19873333333333335
0.2012597480503899
0.22493333333333335
0.21325734853029393
0.24166666666666667
0.23635272945410915
0.2564666666666667
0.2540491901619676
0.26306666666666667
0.2621475704859028
0.2776666666666667
0.2621475704859028
0.28373333333333334
0.2981403719256149
0.28926666666666667
0.288242351529694
0.2976666666666667
0.2903419316136772
0.30373333333333336
0.3080383923215357
0.31420000000000003
0.30713857228554287
0.31880000000000003
0.3179364127174565
0.3242666666666667
0.3302339532093581
0.3298666666666667
0.3332333533293341
0.33380000000000004
0.3293341331733653
0.3410666666666667
0.3437312537492501
0.34473333333333334
0.3359328134373125
0.3538
0.3428314337132573
0.3635333333333334
0.35512897420515893
0.3676666666666667
0.3656268746250749
0.377
0.35602879424115175
0.381
0.29484103179364124
0.3884666666666667
0.3464307138572285
0.39693333333333336
0.3221355728854229
0.3986
0.37582483503299335
0.40713333333333335
0.34253149370125974
0.4128
0.37312537492501496
0.41433333333333333
0.41151769646070785
0.42260000000000003
0.3341331733653269
0.4242
0.3863227354529094
0.4358
0.3803239352129574
0.43620000000000003
0.4055188962207558
0.44420000000000004
0.42411517696460704
0.4496
0.42411517696460704
0.4576
0.3713257348530294
0.459
0.37162567486502696
0.46140000000000003
0.43911217756448706
0.4686666666666667
0.4502099580083983
0.47500000000000003
0.4280143971205759
0.4796666666666667
0.42111577684463103
0.4804666666666667
0.43491301739652066
0.4846666666666667
0.4052189562087582
0.49393333333333334
0.4577084583083383
0.49333333333333335
0.4484103179364127
0.499
0.4451109778044391
0.5032666666666666
0.44391121775644865
0.5050666666666667
0.41481703659268143
0.5088666666666667
0.4814037192561487
0.5134666666666667
0.4763047390521895
0.5191333333333333
0.47540491901619675
0.5232666666666667
0.4763047390521895
0.525
0.4553089382123575
0.5298666666666667
0.4742051589682063
0.5308
0.48080383923215353
0.5340666666666667
0.43821235752849425
0.5431333333333334
0.4997000599880024
0.5408000000000001
0.49790041991601675
0.5454
0.495500899820036
0.5545333333333333
0.5140971805638872
0.5536666666666666
0.4025194961007798
0.5608000000000001
0.5167966406718656
0.5648000000000001
0.48170365926814634
0.5640666666666667
0.4997000599880024
0.5729333333333334
0.48110377924415115
0.5754666666666667
0.5071985602879424
0.5808
0.49490101979604073
0.5796666666666667
0.4598080383923215
0.5850666666666667
0.4679064187162567
0.5932666666666667
0.5236952609478104
0.5969333333333333
0.5176964607078584
0.5986
0.5326934613077384
0.6027333333333333
0.48230353929214154
0.6046
0.5263947210557888
0.6089333333333333
0.5257948410317936
0.6089333333333333
0.5026994601079784
0.6174666666666667
0.5122975404919016
0.6208
0.4841031793641271
0.6224000000000001
0.5317936412717456
0.6254666666666667
0.5392921415716856
0.63
0.516496700659868
0.6352
0.5362927414517096
0.6375333333333334
0.4430113977204559
0.6389333333333334
0.5140971805638872
0.6477333333333334
0.5527894421115777
0.6506666666666667
0.5230953809238152
0.653
0.5413917216556688
0.6517333333333334
0.5137972405518896
0.6612
0.5260947810437911
0.6674666666666667
0.5497900419916016
0.6672
0.5437912417516496
0.6707333333333334
0.495500899820036
0.6766
0.5200959808038392
0.6724666666666667
0.513497300539892
0.6802
0.3848230353929214
0.6839333333333334
0.5644871025794841
0.6891333333333334
0.5332933413317336
0.6902666666666667
0.555488902219556
0.6964666666666667
0.5668866226754649
