2.106647951578562
1.952516893533868
1.8357830125704055
1.7445284321984633
1.654529097183199
1.5881312712982305
1.5190199103207174
1.471374131350297
1.4118605831732414
1.3767423833567867
1.3259438485211827
1.3073684830971657
1.259413407810441
1.2449385045028118
1.2022990035334236
1.1915932196518155
1.1519712406684133
1.145465713528437
1.1089910221030213
1.1100249705231684
1.0762446079874943
1.077760226599957
1.0435852350707147
1.0472297813267355
1.0176140946434604
1.025860148628958
0.9885249902926978
0.9994971385313925
0.9673225797593109
0.9872020291009204
0.9500645864191419
0.9667098411343809
0.9300713693202723
0.9478003488340704
0.9162969056733734
0.9292496848978822
0.899467576303687
0.9176459717907874
0.8850190445746555
0.9058266219866797
0.8696770185894989
0.8991500977706108
0.8627218589413621
0.88071155283504
0.8500842107205359
0.8715273496556868
0.8397129333867376
0.8672006891634769
0.8262036545973542
0.8594398378753777
0.8186358654272723
0.8467350366520324
0.8077638234819571
0.8404318747151449
0.8007936170124546
0.834884534643021
0.7880783472408364
0.828967498120392
0.7876066473861987
0.8165272514335252
0.7761384203840391
0.817380843812574
0.771487286226152
0.810385712317957
0.7639432041102353
0.7992947078351854
0.7658316604707576
0.7991807597013885
0.756314216477374
0.7970246621857308
0.7493696913399827
0.7850721311483401
0.7485517135448404
0.7830548772357078
0.7395941025276113
0.7802670021649242
0.7350879708262642
0.7735764988718736
0.7316422187757223
0.7722695041503747
0.7252646038359648
0.7665741520151094
0.7212461209013644
0.764241987795764
0.7205217149246219
0.7615651468638539
0.7153823721043232
0.762684457375035
0.7101784875764494
0.7506142478541263
0.7026974484215642
0.7494181558516616
0.7060431943242196
0.7492724086041213
0.6971114126371984
0.7447006239208834
0.6950333131123206
0.7444706788017282
0.6918483495015877
0.7407712034644234
0.690403837476671
0.7411538699321141
0.6926222576021576
0.734893034265366
0.6822878168217703
0.7343522077666548
0.6808407275581718
0.7333553674768816
0.6768284527837123
0.7275422179706095
0.6713052972383298
0.724603929622272
0.6748767321178915
0.7222247301066215
0.6684651387874453
0.7244897224120773
0.6724348005063594
0.7212927415832904
0.6637332840351826
0.7193791176576276
0.6676219925362109
0.718819848866826
0.665840702727919
0.716126825112959
0.6588466845199407
0.7150304738496976
0.6560049682401701
0.7083875070307594
0.654146534551441
0.7078917324006665
0.6517899762158997
0.7063899288813226
0.6525338302319218
0.707431054322678
0.6491400162238008
0.706278880520645
0.6414733816978953
0.7057979933215818
0.6441349824037478
0.7025728348707395
0.6418267357655316
0.7030740418903257
0.6408489667968862
0.7018429016237425
0.6387285824213003
0.6981082083439498
0.6369879667081938
0.6983707512147282
0.6358070331502255
0.6982362486676821
0.6332056737010772
0.6965723990249862
0.6336417109389756
0.691058087184462
0.6291114532348137
0.6930798047680875
0.6276211374467086
0.6928080206655355
0.6238139111625608
0.6905852775410685
0.6282080431808242
0.6913790240857011
0.6229005860381999
0.6875396349791931
0.6209747287765963
0.6859229641022908
0.6214437219237525
0.684604002586295
0.6211231901927704
0.684384948097451
0.6186373914529206
0.6825937848509109
0.6183876361648947
0.6829284383782958
0.6142997700909893
0.6829346537089448
0.6157086716672212
0.6841796259359464
0.6139354283491804
0.6803276951111357
0.6146340836270876
0.6796658133845452
0.6079186173239457
0.6791467763881306
0.6074750001361369
0.6792051246424385
0.6099064348760239
0.6741928633595199
0.602128157990227
0.6741023146612742
0.6018449052027315
0.6758132815432534
0.6086484917190611
0.6796740725430888
0.6034266438460315
0.6724755706798551
0.6016378292280324
0.6737200025319338
0.6012394691767137
0.6717614835976267
