0.2750886709785103
0.3428314337132573
0.4017316920509076
0.4442111577684463
0.49593156686834966
0.5272945410917816
0.558940121009806
0.5689862027594481
0.5986855831420822
0.6193761247750449
0.6284164406426038
0.6367726454709057
0.6488629250991028
0.6514697060587882
0.6653452952221991
0.6640671865626874
0.6799499269768412
0.6823635272945411
0.6959107031087002
0.688362327534493
0.7025871061965366
0.698860227954409
0.7060296265387023
0.7051589682063587
0.7150010431879825
0.7051589682063587
0.7248070102232422
0.7102579484103179
0.7278322553724181
0.7135572885422915
0.7316920509075736
0.7207558488302339
0.735551846442729
0.7225554889022195
0.7394116419778844
0.728254349130174
0.741915293135823
0.7309538092381523
0.7456707698727311
0.7372525494901019
0.7514083037763405
0.7381523695260948
0.7465053202587106
0.7351529694061187
0.7530774045482996
0.7414517096580683
0.7556853745044857
0.7435512897420515
0.7566242436887127
0.7432513497300539
0.7621531399958272
0.7465506898620275
0.7630920091800543
0.7462507498500299
0.7634049655747966
0.7471505698860227
0.7699770498643855
0.7465506898620275
0.768203630294179
0.7492501499700059
0.7687252242854162
0.7516496700659867
0.7677863551011892
0.7549490101979603
0.7732109326100564
0.7558488302339531
0.7699770498643855
0.7543491301739651
0.7715418318380972
0.7540491901619676
0.7768620905487169
0.7585482903419315
0.7751929897767578
0.7588482303539291
0.7784268725224286
0.7579484103179364
0.7807218860838724
0.7576484703059387
0.7809305236803672
0.7618476304739051
0.7819737116628417
0.764247150569886
0.7852075944085124
0.7615476904619075
0.7808262048821197
0.7603479304139171
0.78040892968913
0.76124775044991
0.7824953056540789
0.7621475704859028
0.7883371583559358
0.7669466106778644
0.7837471312330482
0.764247150569886
0.7849989568120176
0.762747450509898
0.7889630711454204
0.7657468506298739
0.788650114750678
0.7678464307138572
0.7906321719173796
0.7681463707258548
0.7904235343208846
0.7669466106778644
0.7915710411016065
0.7666466706658668
0.7900062591278949
0.7675464907018595
0.7902148967243897
0.7684463107378524
0.7955351554350094
0.7669466106778644
0.7903192155226372
0.7723455308938212
0.7940746922595452
0.7708458308338332
0.7929271854788233
0.7693461307738452
0.7962653870227415
0.7675464907018595
0.793553098268308
0.7690461907618475
0.7947006050490298
0.7714457108578283
0.7982474441894429
0.7708458308338332
0.7962653870227415
0.7741451709658068
0.7987690381806801
0.7741451709658068
0.7959524306279991
0.7726454709058188
0.7986647193824328
0.7720455908818236
0.7992906321719174
0.7741451709658068
0.802002920926351
0.7729454109178163
0.7999165449614021
0.7774445110977803
0.7996035885666597
0.773245350929814
0.802002920926351
0.7735452909418116
0.804610890882537
0.7759448110377923
0.8005424577508867
0.774745050989802
0.801794283329856
0.7735452909418116
0.8011683705403714
0.7729454109178163
0.8025245149175881
0.777744451109778
0.8028374713123305
0.7738452309538092
0.8036720216983101
0.7753449310137972
0.8086793240141874
0.777744451109778
0.8039849780930524
0.7771445710857828
0.8068015856457333
0.7750449910017996
0.8069059044439808
0.7783443311337732
0.8039849780930524
0.7786442711457707
0.8021072397245984
0.7795440911817636
0.8080534112247028
0.779244151169766
0.8050281660755269
0.7801439712057587
0.8113916127686209
0.7771445710857828
0.8040892968912998
0.7759448110377923
0.8113916127686209
0.7798440311937612
0.8081577300229501
0.779244151169766
0.8090965992071771
0.7783443311337732
0.8114959315668684
0.7768446310737852
0.8071145420404757
0.7801439712057587
0.8138952639265595
0.7789442111577684
0.8114959315668684
0.779244151169766
0.8104527435843939
0.7768446310737852
0.8102441059878991
0.7780443911217756
0.8119132067598581
0.7795440911817636
0.8116002503651158
0.7795440911817636
