2.1761567263285317
2.0304771932786143
1.974395280265808
2.162817758003537
1.8501805154164632
2.0152323978277615
1.7744104414621988
2.314245168077209
1.7101356847127278
1.797436454371914
1.647743939590454
1.6262259865207591
1.5896698755264282
1.7603371585280723
1.5498270804087322
2.225122684336881
1.5110479714075724
2.014874586246653
1.4632443608601888
1.8898756187979018
1.4242581307729085
1.5534869836488026
1.3917524998346964
2.0417839200752685
1.3377186055501302
1.541382679913526
1.3092542015075683
1.4597915970928739
1.2711806107203165
2.4304528764142344
1.2312965304692587
1.3387852001132976
1.1948289545059203
1.377736023821084
1.1560944134394329
1.7652232147793463
1.1228546973228455
1.5055244410903281
1.083015799744924
1.4655314081074167
1.0514124475161235
1.2729878283290714
1.0056798080444336
1.560196723491758
0.9760436930974324
1.6180775606067295
0.9262728286107381
2.269667609265699
0.8895090119997661
1.9805284385274968
0.8469737086137136
1.5214363038361107
0.8076458648999532
1.714357912433169
0.7650425635973612
1.3139890190292134
0.7073866173585256
1.5933471403940038
0.6742940006891887
1.4429556714894891
0.6325464783032735
1.3402255168558954
0.5756673162301381
2.125620380160189
0.5328322585105896
1.4553572334210603
0.48720734163125357
1.5820923338554258
0.4544274125655492
1.5178037496405443
0.40226071418126425
1.5462781484068406
0.3629218040426572
1.6357535818914632
0.3206282643477122
1.923231965492926
0.2950399918158849
1.484904983477029
0.25688276719649633
1.7909503568055463
0.2399377568980058
1.8519681054957984
0.20423752026955286
1.580614275609081
0.17969582800865172
3.0279786804870854
0.17301127195954322
1.6327444990023068
0.14655870137413343
1.6202208494167523
0.12726776176889737
2.2640022894867036
0.12638143819967906
1.6749671836348443
0.11489535024563471
2.3225274333427532
0.09771527883807818
1.6987582314994139
0.10364286950876316
2.0764322202221392
0.0863282802944382
1.943613048649578
0.08120311733980974
1.9502109649228563
0.07502104119161765
4.0458244974197
0.07424889459485809
1.6529988059757281
0.074135737546285
1.8795394111641452
0.057845314726233485
1.8282244343491607
0.058438597358514865
1.7821900933963064
0.054272596954802674
1.7334462698162425
0.04648159050817291
1.8494043802170963
0.04659409773635367
2.104135842829603
0.045934673274680975
1.8196176258332013
0.04421289700393875
2.06346727568873
0.03904208107888699
1.944635534114872
0.04220770814344287
1.889560220015571
0.038121545705820124
2.234872743478419
0.03752826585235695
1.8735080071388066
0.0417245613373816
1.8846905137796064
0.033342764502825833
1.8788670281771778
0.037044152689476806
2.0029972291807967
0.030140130180306732
1.9320408913212475
0.028489573943677047
2.446450660524786
0.030800756024134655
2.0197323438430446
0.031422563674549264
1.8202824275080287
0.02989480598401278
2.0567506285005512
0.02308994333340476
1.9097569753970653
0.02650237097069621
1.915309103005792
0.021918583293631673
2.016403702539674
0.02394086350419869
1.950644270702973
0.02261901277198146
1.8862174704322288
0.02299281374781082
2.622675619442876
0.023004999599481622
2.2923906523092965
0.024384595735246938
1.9715184119195373
0.021256943131424486
1.9123656408616576
0.022188083479211976
2.0705119473675304
0.022109129685846468
2.0701643276443438
0.01914151585077246
2.1256898256855665
0.024316790570380786
1.9490184962713726
0.020631081649909417
2.2409613487172715
0.01927372860222434
2.4854657762981707
0.026100440620506805
2.1789780163664836
0.01935430555200825
2.2088042752930126
0.02097354785008356
2.65862119004765
0.017810471709041546
1.9213737782133362
0.015419692310877144
2.0110034168874997
0.017592502467116963
1.9844956038800199
0.012802995209380363
2.01006337505082
0.013281955086564025
2.0896634351692303
0.016127463160982975
2.037248307670314
0.01595672801285982
1.9545101847345412
0.015148781787448874
1.9773930731331724
