0.20720000000000002
0.25524895020995797
0.30213333333333336
0.21055788842231551
0.3519333333333334
0.29454109178164367
0.37993333333333335
0.23545290941811636
0.3994666666666667
0.35872825434913014
0.4288
0.4421115776844631
0.4461333333333334
0.3884223155368926
0.46453333333333335
0.3485302939412117
0.4782
0.35962807438512295
0.4964
0.36682663467306537
0.5138
0.4769046190761847
0.5200666666666667
0.37012597480503895
0.5445333333333333
0.4667066586682663
0.5574666666666667
0.49070185962807433
0.5636
0.3023395320935813
0.5825333333333333
0.5563887222555488
0.5939333333333333
0.5368926214757048
0.6096666666666667
0.4436112777444511
0.6234666666666667
0.48080383923215353
0.6343333333333334
0.5158968206358728
0.6429333333333334
0.5692861427714456
0.6604
0.5017996400719855
0.6733333333333333
0.49940011997600475
0.6931333333333334
0.37252549490101977
0.7072
0.43401319736052785
0.7163333333333334
0.5260947810437911
0.7331333333333334
0.4691061787642471
0.7504000000000001
0.577984403119376
0.7729333333333334
0.5296940611877624
0.7828666666666667
0.5560887822435513
0.7976000000000001
0.5677864427114576
0.8170666666666667
0.4622075584883023
0.8354
0.541991601679664
0.8484
0.5386922615476905
0.8601333333333334
0.5455908818236352
0.8812000000000001
0.5431913617276545
0.8941333333333333
0.5368926214757048
0.9072
0.5083983203359328
0.9195333333333334
0.5662867426514696
0.9284
0.5302939412117577
0.9345333333333333
0.5272945410917816
0.9467333333333334
0.5572885422915417
0.9536666666666667
0.3782243551289742
0.9536666666666667
0.5548890221955608
0.9642666666666667
0.571985602879424
0.9694
0.5023995200959808
0.9696666666666667
0.5728854229154169
0.9736
0.4793041391721655
0.9782000000000001
0.5584883023395321
0.9757333333333333
0.49640071985602874
0.9806
0.540491901619676
0.9814
0.5512897420515896
0.9838666666666667
0.3401319736052789
0.9838666666666667
0.5851829634073185
0.9834666666666667
0.5371925614877024
0.9883333333333334
0.556988602279544
0.9872666666666667
0.5716856628674265
0.9881333333333334
0.5800839832033593
0.9912000000000001
0.5647870425914816
0.9896666666666667
0.5431913617276545
0.9911333333333334
0.5824835032993401
0.9916666666666667
0.546490701859628
0.9929333333333333
0.5581883623275344
0.9903333333333334
0.5584883023395321
0.992
0.5257948410317936
0.9923333333333334
0.5677864427114576
0.9907333333333334
0.5683863227354529
0.9934000000000001
0.5770845830833833
0.9918
0.5536892621475704
0.9943333333333334
0.5713857228554289
0.9946
0.5071985602879424
0.9938666666666667
0.5386922615476905
0.9935333333333334
0.5881823635272945
0.9932666666666667
0.5473905218956209
0.9961333333333334
0.5686862627474505
0.9944000000000001
0.5782843431313737
0.9964000000000001
0.5644871025794841
0.9948666666666667
0.5641871625674865
0.9962000000000001
0.5770845830833833
0.995
0.4607078584283143
0.9954666666666667
0.5311937612477504
0.9943333333333334
0.5617876424715057
0.9963333333333334
0.5830833833233353
0.9952000000000001
0.5680863827234552
0.9953333333333334
0.5536892621475704
0.9962666666666667
0.5473905218956209
0.9941333333333334
0.5743851229754049
0.9964000000000001
0.5518896220755848
0.9964000000000001
0.49700059988002393
0.9940666666666668
0.5431913617276545
0.9959333333333333
0.5386922615476905
0.9952666666666667
0.5116976604679063
0.9965333333333334
0.5785842831433713
0.9972666666666667
0.5701859628074385
0.9969333333333333
0.5800839832033593
0.998
0.5737852429514096
0.9976666666666667
0.5608878224355128
0.9966
0.5560887822435513
0.9970666666666668
0.5740851829634073
0.9970666666666668
0.5785842831433713
