0.22146880867932403
0.2555488902219556
0.2865637387857292
0.29334133173365323
0.321510536198623
0.2126574685062987
0.35280617567285627
0.3521295740851829
0.38796161068224494
0.3422315536892621
0.40183601084915505
0.250749850029994
0.41748383058627164
0.38932213557288536
0.4357396202795744
0.35302939412117573
0.4486751512622575
0.3416316736652669
0.4557688295430837
0.3398320335932813
0.47725850198205716
0.35842831433713257
0.4841435426663885
0.23335332933413316
0.504694345921135
0.49820035992801437
0.5100146046317546
0.33683263347330533
0.5259753807636136
0.4655068986202759
0.5315042770707281
0.34043191361727654
0.5493427915710412
0.29334133173365323
0.5587314834133111
0.4517096580683863
0.5699979136240351
0.4583083383323335
0.5806384310452744
0.5131973605278943
0.5914875860630086
0.4523095380923815
0.6045274358439391
0.48590281943611274
0.6168370540371375
0.4733053389322135
0.6204882119757981
0.4871025794841031
0.6366576257041519
0.44961007798440306
0.6510536198622991
0.5071985602879424
0.666284164406426
0.44121175764847026
0.6722303359065304
0.5620875824835032
0.6854788232839558
0.42231553689262147
0.6995618610473607
0.549490101979604
0.7055080325474651
0.5386922615476905
0.7255372418109743
0.4769046190761847
0.740246192363864
0.5266946610677864
0.758084706864177
0.5380923815236952
0.7740454829960359
0.5683863227354529
0.7861464635927394
0.44691061787642467
0.8025245149175881
0.47810437912417514
0.8137909451283122
0.4562087582483503
0.828082620488212
0.48170365926814634
0.8415397454621323
0.5086982603479304
0.8555184644272898
0.43251349730053984
0.872939703734613
0.4421115776844631
0.8829543083663677
0.5356928614277144
0.8982891717087419
0.3812237552489502
0.9056958063843105
0.4052189562087582
0.9188399749634885
0.3173365326934613
0.9252034216565825
0.42411517696460704
0.9361568954725642
0.35182963407318535
0.9344877947006051
0.5137972405518896
0.947840600876278
0.41061787642471503
0.9521176716044232
0.4892021595680863
0.9580638431045274
0.4757048590281943
0.958898393490507
0.5089982003599279
0.9643229709993741
0.4772045590881823
0.9690173169205091
0.3356328734253149
0.9716252868766952
0.416616676664667
0.9709993740872105
0.44181163767246545
0.9765282703943251
0.5782843431313737
0.9788232839557689
0.4067186562687462
0.9799707907364907
0.36532693461307736
0.9825787606926768
0.2690461907618476
0.9790319215522637
0.20995800839832032
0.9810139787189652
0.31493701259748047
0.9881076569997914
0.2903419316136772
0.982370123096182
0.4658068386322735
0.9897767577717504
0.5332933413317336
0.9898810765699979
0.5767846430713857
0.9890465261840183
0.43551289742051585
0.9871687878155644
0.531493701259748
0.9899853953682454
0.3428314337132573
0.9884206133945337
0.397120575884823
0.9897767577717504
0.5662867426514696
0.9922804089296892
0.5713857228554289
0.9918631337366993
0.5551889622075584
0.9929063217191738
0.3131373725254949
0.9919674525349468
0.4415116976604679
0.9933235969121635
0.5605878824235152
0.9956186104736073
0.49940011997600475
0.9941581472981431
0.4649070185962807
0.9933235969121635
0.4295140971805638
0.991550177341957
0.3869226154769046
0.9910285833507199
0.49100179964007196
0.9920717713331942
0.4337132573485303
0.9938451909034008
0.5761847630473905
0.9947840600876278
0.4541091781643671
0.9947840600876278
0.48890221955608876
0.9952013352806176
0.48170365926814634
0.9957229292718548
0.14397120575884823
0.9885249321927811
0.5386922615476905
0.9950970164823701
0.4622075584883023
0.9961402044648446
0.44691061787642467
0.996244523263092
0.5317936412717456
0.9958272480701023
0.2519496100779844
0.9955142916753599
0.23545290941811636
0.9937408721051534
0.4631073785242951
0.9957229292718548
0.3827234553089382
0.9948883788858752
0.5095980803839232
0.9965574796578344
0.12027594481103779
0.9857083246401002
0.3260347930413917
0.9933235969121635
0.30353929214157166
